10664
46807
54818
35936
40640
33479
48783
14920
31586
11693
26231
41706
33924
30686
6569
40995
23431
28757
7152
38792
43997
46948
7539
40645
30055
39587
21999
16708
32504
34043
57017
24273
35402
63554
7253
51053
18858
40523
31547
25336
14833
45049
33290
28187
27681
37031
31994
14163
6448
20746
25749
24100
50400
53640
54437
26973
53713
59134
65247
21220
48790
19318
22946
42557
14144
59873
18034
33934
20589
57042
1678
8765
60544
61096
59613
57420
65535
21858
31572
58698
9796
50543
59661
5877
35359
902
10987
7929
15200
30432
35589
16755
24195
47984
41964
55091
42733
62896
45418
46703
31811
4086
41488
46119
13608
59939
31112
19211
47121
10989
25699
44310
63996
51051
27314
34579
15160
6147
20183
19110
61394
23856
585
39622
11785
39113
10028
28092
33797
42621
47781
65050
42137
28316
49441
3355
27968
35979
18746
19350
10161
4759
17696
44336
45273
41317
5752
23151
50617
50227
44790
63628
9441
12349
6608
1531
41107
64719
5363
47372
39917
15579
28951
17034
59853
2772
867
34238
40585
22854
56383
61069
37100
43603
31533
1499
50505
44226
27838
1535
60956
43856
64149
42462
12198
25279
30468
21130
21236
24306
29759
44449
62984
49916
22091
41408
11619
40174
29909
13263
11638
34313
47981
51753
13446
61438
59156
18467
21813
6497
1127
1033
49045
1291
8426
26156
14460
44670
42476
62979
47738
51809
35422
51336
36902
28423
41536
58291
58950
1622
10757
52251
33908
45042
21848
62967
30145
13488
46660
11629
60072
47759
57892
63206
35240
12540
18780
58074
24615
59456
44985
52311
38896
63237
39945
38682
32920
3040
62768
18601
32048
60618
60958
23328
19892
23104
1324
9254
6033
21603
20982
2842
14295
40859
28572
5229
54896
53525
61408
44223
44811
62183
18196
59871
27755
62910
63617
63172
61084
27359
18659
53666
62630
10794
28110
20160
41771
63860
31138
43936
28867
44925
65236
29548
20592
10822
18478
32421
52910
15047
36655
29848
25642
11508
25919
39617
40101
5492
39937
39162
23645
45831
7731
22446
12333
51576
60305
9652
18506
45785
39927
64571
57772
1923
63536
24024
52418
25094
8021
4425
33769
51710
6004
58593
40911
54431
10642
57105
16209
16762
29316
42136
30839
4717
46760
65065
54666
5918
1949
18368
44098
18490
4194
18352
55108
63197
29218
9008
25079
64423
45370
5215
6540
1240
7139
40677
17345
54335
14512
62571
6478
38433
58811
22559
47659
44329
34933
35577
25339
46004
29635
60905
762
7265
1656
64742
24912
3930
16346
45583
39466
46198
48421
42486
43471
20452
40811
6295
36058
22771
60942
18003
59996
5518
14699
35040
15271
62795
57123
26518
58276
50231
7383
52518
15254
62910
39178
9040
64178
23681
9149
481
47464
19723
57143
34987
56850
33445
548
6775
40459
40241
1709
4510
3854
46053
45146
22515
47800
32975
44801
54153
36373
46848
6568
390
8364
54736
30560
5134
33979
34120
46939
18919
62636
7276
11433
57981
48649
26591
22425
49695
60367
25212
46958
9717
12601
48413
9333
43194
20561
12025
41681
16072
41421
35842
24744
17783
10573
16335
7740
21170
7657
38241
53568
45225
28776
33213
3647
48813
63951
35069
58206
47483
1016
6672
56160
63217
55084
31598
32601
2316
32392
41773
58048
37126
1424
34705
25180
10327
52075
45518
45028
47034
9055
2551
50846
3952
31644
2595
45862
29553
3072
10126
49523
29783
43612
25106
54122
30226
42767
41915
58141
53341
30417
14484
48619
41369
28004
17378
6327
44688
37990
27822
8339
1393
18807
38392
9939
20415
63101
26179
3593
41317
33895
52605
38660
43619
3555
19269
3959
60414
60847
4821
3406
9726
61314
64305
38711
13660
14155
40694
19809
57014
22548
39945
5360
42146
31578
30767
2896
34337
29144
21435
8335
6055
57718
41847
10336
35008
62203
27302
17351
1386
2922
19286
32797
33812
19829
10522
47102
21510
50977
61176
59161
50385
64486
22295
46192
12835
20946
29049
39852
55898
14294
38182
25412
52260
44349
23258
49197
46159
20807
22300
55601
51208
60700
17053
51662
24288
27208
39941
11196
27970
60200
47639
47065
29111
58853
20508
40464
42748
33300
51542
6003
17540
36974
49206
41778
26694
41172
54867
53400
52419
3216
27912
25413
29500
17067
53755
15888
32776
37232
2019
8882
8155
60084
32797
1014
42472
30986
14772
49046
37882
41063
12555
59177
35931
40531
39406
36585
30055
43453
45690
41442
53997
25250
56808
46690
17464
33207
34031
47191
5870
59563
51664
48219
8674
56444
17179
25754
24543
42396
12569
60771
15824
19500
8605
10978
39635
30604
37523
38663
43346
30749
1718
1450
48209
64941
37043
61502
18798
49259
41857
61623
15473
6498
49426
22693
8046
37580
28504
16259
11121
52927
5876
54379
36530
38623
2311
14688
25038
64259
48952
8457
20215
23292
35574
62144
7258
20352
40011
6594
49124
43644
42766
28169
36403
56660
63995
44365
10452
10882
29632
39162
60723
8390
13908
62994
15548
23338
37922
1260
62391
42061
44332
10235
34798
24416
16225
25710
62667
27989
10993
7547
3530
34904
49648
64847
56934
38085
13871
64093
59635
18808
17332
62696
27807
37711
31725
10288
40151
35867
21568
49552
4409
7435
52398
39115
41057
3871
60450
64220
18371
1117
9140
36929
22522
11106
19641
47828
51966
28879
56986
34738
63643
12753
30443
26488
55624
23064
14451
43219
16411
9453
22275
22037
30852
5569
24675
42224
27416
29972
1567
43767
39665
10319
38256
40383
55867
14930
3964
12183
7925
37160
21016
54959
36337
26677
53103
51679
9865
28402
50602
38713
27696
47777
44495
57691
30158
11332
6357
13386
11537
26646
10118
14502
25327
45879
14345
42280
27560
55920
37320
556
17087
41833
26882
33064
29279
50905
14003
17847
64201
5765
15327
49765
64657
58951
16574
21323
60487
7535
33500
13544
321
3698
28192
3639
29879
18554
50602
53800
20578
8150
11153
21665
52941
11684
28576
23544
62204
32848
44562
21722
23283
45603
44469
34477
20635
32623
3078
56653
4765
65495
49358
2616
63416
28045
4402
24358
36206
2300
7585
3492
769
32369
15981
20220
18138
64796
48824
12589
2406
4217
11974
36959
42408
1778
57886
21910
14387
27834
1013
7588
15164
32675
37136
9349
39041
31815
47663
11772
49354
41001
35268
7496
65271
48463
16880
43764
58045
44396
197
57331
24070
33224
46229
34454
45860
39998
55178
2093
49583
39759
34146
13398
37519
44004
41809
57507
25976
3628
9173
58376
3571
9093
41913
42837
49581
9286
12480
62798
9772
13103
64954
32742
39125
20554
40963
28819
10484
10758
4806
59135
53239
25579
50604
43754
47717
48198
29797
18981
32152
56827
60562
40636
11992
64077
9264
14699
10380
47513
43936
54211
19166
12094
28042
36664
7801
48298
56530
15721
24578
23083
47928
7108
60045
39989
79
45829
56098
51928
459
18803
9905
46546
59947
52683
15279
64242
36088
11178
26546
35793
59603
5478
53520
42486
10406
49620
13623
48470
63179
39537
45361
47107
44785
13785
41940
33365
39219
201
46417
15446
3760
42609
40979
24464
46133
5246
2936
30834
28860
3972
55185
56344
6046
64396
64155
45264
18573
33277
20158
16117
6560
28674
63049
13944
57576
39077
63142
13423
54889
35845
59248
16454
11433
12388
58760
20502
993
43150
64875
13618
41045
21500
21700
19456
58277
3568
36307
56572
58963
29765
3666
49071
48822
8874
37416
33125
63481
1472
53091
5099
42283
62598
15919
12746
21601
53250
53952
21975
42584
42192
22433
24653
41820
60597
27835
56080
35322
38250
7291
26203
51903
9664
1026
64766
40134
21239
30818
38320
62508
59471
22198
46263
22121
22275
51607
38543
60697
5403
33828
5353
34611
4588
25694
63864
18750
20223
52491
55882
13350
1159
4898
7207
334
44026
37350
45015
29852
34218
7904
25931
5079
8277
37347
32807
51808
3464
2142
13938
55892
9138
60373
36743
17865
59081
30670
16004
7121
42933
46618
48056
23212
55920
54365
26581
6424
63361
3002
50664
47018
32040
11174
56325
30446
833
8926
26811
55633
2432
7112
36623
30189
65234
14850
63677
49062
61072
56342
17220
26394
41744
59311
36305
15360
27879
8215
58352
44600
17609
20739
21372
26208
64371
22978
2610
18789
34596
60420
16554
52448
25784
22356
22636
30202
52171
23849
8738
38989
32875
63045
27103
60069
15047
2658
8822
32151
56887
7326
7372
8252
54542
60495
11257
1739
50495
65269
46141
16146
6150
61231
24135
42960
11476
26086
34023
63249
9445
25073
22585
18854
19352
42213
32900
34076
18736
59124
34568
6499
62365
31044
59284
16976
37508
44902
44613
44430
13164
20431
6243
58794
3423
51922
38041
50270
14764
30520
17194
45646
24385
13191
17530
63088
22026
44988
52734
38127
37442
17905
41199
61398
56247
10145
60278
22336
37102
51298
42800
46772
7525
27989
38745
59581
8954
57241
63342
58816
23162
38648
51904
58194
53711
8266
54098
3082
30743
61026
59715
58603
45724
17734
2208
45837
29180
64283
57797
33076
28928
33630
5194
4090
2153
1092
19566
16254
37691
24948
39816
19154
29193
5417
52268
22395
41370
8603
18027
36315
46524
8452
43121
2174
4621
33691
49611
65247
14395
52962
2667
15697
57483
21599
60349
60462
48260
47853
47012
48423
40744
28748
247
32474
30528
16648
49577
51331
52335
23105
39421
2517
23048
52592
54438
42099
10845
65316
42125
49145
49211
23977
2519
38533
25654
58812
54299
35597
51567
44730
14835
41024
19672
14340
45610
2713
53162
45927
1056
10759
16328
57083
41898
25567
53216
63373
46518
42517
22331
35685
23698
45953
14924
11766
10325
57369
54175
11334
756
26128
3201
10445
42096
1374
7119
15856
42042
43881
20659
9413
39952
26597
8741
34799
61007
19442
44600
59845
31935
43410
1082
46365
64456
30647
15023
1878
40433
63795
40917
47297
54618
58428
13906
61104
3564
19998
8168
47846
41122
33442
19163
37495
35004
8177
41845
61783
28427
34194
64965
44953
8144
34443
9678
12652
50000
14604
4795
42115
43327
2697
40101
38188
61668
55281
40394
10174
42336
13104
58918
13768
14246
44283
51605
46430
49857
12005
33300
45157
53760
25472
34464
12651
20119
49398
51671
21202
49527
56284
14309
1288
9559
63200
42321
19013
11763
41059
56600
47089
47757
2784
36284
53778
9110
28471
24802
308
2895
52997
64876
34253
21093
4623
23750
38124
29947
45227
10837
43774
9082
30622
9910
50632
50361
36641
47973
63465
54046
22434
57249
59379
47885
1513
33958
18309
46124
32772
33756
45696
7162
54491
45963
20840
20120
27874
35211
22208
41675
12419
64717
40885
4256
20512
17659
9377
8581
38545
37709
13876
32435
20679
18783
45779
53126
6743
17921
5800
61489
28698
55808
27927
2824
22155
27952
15403
26478
57540
44550
2277
55871
38816
50237
18218
58881
8830
23570
55010
34321
30682
3302
64620
37900
35938
64300
44180
26162
5172
32261
45830
34792
21988
32310
4443
1416
1419
40883
42519
19247
5659
11928
54189
48971
9889
18601
58555
18449
54728
23960
19280
26532
61351
905
17192
9625
5808
64092
11914
57687
9958
39172
15843
24586
25522
4677
39738
19330
27996
60340
31189
56547
65217
1837
22327
41576
16997
44235
1373
46632
52764
32196
21370
51492
31503
49577
54414
63183
15464
624
5293
24796
22848
39890
28658
63121
9105
51579
18693
49930
56631
36986
24950
54311
24419
24528
38374
43281
40359
22741
34730
47592
51718
48427
63702
15350
19480
36549
55770
50139
39583
10329
51402
57399
37354
41379
34583
42844
47613
11418
10760
18576
29346
45714
25103
46778
61401
7824
20748
63647
23104
51524
3190
61770
38348
17268
35298
18945
1979
29781
60279
14177
14059
50860
18315
42403
48323
24045
19680
44195
64223
41637
23857
27689
11703
43862
34177
45426
45464
46251
54941
25780
40653
17695
58521
64807
38346
49840
44085
16
19718
33683
14422
37683
4798
10086
20941
3701
12967
28923
12445
60322
36580
63084
23110
65498
17056
20942
7381
17192
43149
64057
55443
39944
46596
29710
462
31135
57081
40425
8585
39380
34135
51607
16212
13528
30172
4876
45322
23028
34765
53358
15405
4998
10964
8133
62126
63731
24882
59710
25077
51994
21038
29165
35468
41173
25513
4674
19514
40631
43378
22452
33144
34409
58658
39488
43231
35745
34755
24733
45289
53209
48835
52067
30656
8345
62321
16028
45538
38671
15473
15151
3557
41335
19129
51609
22895
32497
53357
46767
156
63112
56576
27774
58995
386
56549
64252
62465
45517
48487
2095
4056
58294
61077
39127
29543
19042
21888
38455
36781
57385
27985
14945
26841
23724
59369
51267
64939
24007
31573
19932
31912
33575
24924
12388
24115
64075
44159
4393
29952
15028
38190
2780
8200
30220
8316
13431
51001
14338
26868
51460
18694
60563
6548
62827
5126
21595
16958
48006
23968
63425
64226
59164
28165
31500
17522
49011
37616
27020
12722
32925
26384
33819
4274
6882
37037
37947
60045
26214
42501
36824
52456
24367
9679
58713
60651
2470
35871
4467
25795
16171
29023
28002
33578
42617
23706
41454
22591
52539
19684
19708
49551
5975
5203
32920
59699
3632
32629
61023
56165
9441
52302
47419
64077
6043
4894
28589
38020
19237
28521
13007
43867
54268
59480
41459
36791
11456
44112
55722
58805
20366
31436
26342
41510
42866
5367
13999
39472
45018
55512
27385
38040
58403
52890
27982
10291
48437
29109
22424
56591
15231
57137
16888
21845
818
31725
15118
30149
35115
21914
47075
19270
10830
34188
15354
49173
44774
48716
42546
7204
20880
40464
14606
28487
50769
4604
62973
49985
6511
21407
9328
26121
30792
40522
11635
40269
25398
57089
43975
57181
50215
41817
27787
62871
27055
36390
29960
51733
19102
64238
48945
24831
25824
23910
48068
34718
684
34140
33561
16469
51265
50970
56117
53924
12245
35998
27396
15753
40435
14760
63891
1246
187
12384
38464
57925
37306
61916
61720
11100
13724
40124
55680
16006
62493
19643
53702
24295
16896
54921
10287
36621
16508
17759
19561
64960
58097
26305
46141
35214
39631
39448
2184
55309
61675
41674
41212
59714
61443
60083
36241
2217
55459
48708
29340
21188
5383
35784
11959
63093
52417
16153
52788
23881
39446
11661
25489
37161
46453
33997
16033
22485
47540
35028
42828
40862
36658
56545
61687
25156
23798
27862
31573
56802
23870
61161
17009
62961
50925
44973
30182
36699
51599
56509
1345
35748
61844
62286
6311
29146
5338
32362
15414
62886
30611
31400
8767
21912
15743
64593
20835
38979
12213
9094
54853
48157
21857
11
44617
17389
10774
16951
17816
10645
4140
58930
37803
58957
43257
33986
11090
34213
27207
15892
56067
36807
61826
22936
13889
47205
63963
15436
54067
48203
63146
20734
5866
61281
7901
9481
39341
16365
52110
160
39118
2297
39122
12104
63577
29800
42462
48743
24677
26607
26207
63038
33546
35420
36243
17822
55719
63505
42881
17121
14883
52473
45313
65364
10534
47932
58447
5249
35998
15112
48906
25470
22398
56616
63730
35118
38655
10296
48712
34634
50875
28401
49001
61428
5494
48
60533
46003
49560
6535
3971
14039
42619
57892
56669
48372
22456
41212
31902
60252
40639
23759
19799
14128
36739
45141
34399
26217
57951
3550
47436
54609
4829
36905
30573
13621
39918
32199
60738
63768
46953
41068
64185
40358
39770
12181
56638
62103
49623
39553
63893
7424
35812
15182
31993
23036
44849
2598
10842
4563
59016
11737
36604
27399
52505
1690
55933
30380
27862
50484
42053
12387
31708
14485
41027
26707
23522
13374
42466
13437
29824
13157
61925
22448
41130
14569
1783
45188
39086
50498
31603
34648
24027
5496
38949
63229
24029
15191
50784
61772
40816
65307
41879
37864
18584
38830
48560
25806
21283
23503
54665
46517
60558
53633
1710
18287
19803
15122
63368
31252
40402
25495
43218
37644
52317
49697
28628
61638
1165
420
11505
64555
2780
44828
46108
14424
31610
24998
50791
40244
46365
44900
36148
16448
48363
31830
65377
48185
52182
32072
47813
47384
30624
21405
20755
35311
23590
56693
38618
2979
8369
12132
2233
24093
65013
3322
15360
20297
165
29367
49145
37672
63818
58821
57608
17904
30654
59424
10923
53246
5108
58425
32425
29791
52922
45781
43930
14360
55440
22230
33483
27663
38435
54053
45992
22046
51507
39200
55829
64969
53710
47110
59935
30178
16065
32314
63010
10036
39190
37650
16698
62083
50532
21295
21278
5254
58195
28773
60577
26276
59714
47639
48197
44356
40561
38425
7445
38074
65311
16957
2271
52223
47911
44273
51280
54439
49622
39403
43856
63295
11933
52384
17098
12462
13533
61474
3170
32757
54748
21778
58310
9799
25017
49430
57954
63933
31943
50676
49990
21409
7927
49531
57978
10581
52933
21363
50931
62699
25617
19882
15506
32835
54240
20575
39430
22419
2979
57934
12924
32959
11617
41141
26158
39486
9867
52262
4067
42325
42508
8157
36461
34115
61512
22253
20416
1922
16821
54239
48348
47761
48102
16671
14280
33124
46266
9505
15276
35551
16297
7940
41057
23724
61454
45069
50616
65090
50122
19527
59345
62654
51068
51317
8503
59066
20706
46556
30202
57670
61382
41401
48328
1878
51005
61623
47486
34089
59617
60775
22898
21494
16566
8718
57244
3326
10879
48700
42528
44174
63722
947
24017
50441
2709
42016
60649
32830
61553
4222
5013
62769
55280
45447
38074
36349
57924
37450
34585
17414
45946
47184
61359
52155
5076
41247
41243
33560
8910
55328
38070
10262
16919
12183
18681
48362
33261
34848
39434
39987
36259
49982
31236
29836
41403
26742
10392
28576
64220
48637
5365
10271
27734
61712
22878
47903
19174
49621
37990
28785
41795
36745
64017
13492
24426
53644
13763
61936
51277
28878
52250
62762
20713
33706
12759
43081
37655
31368
52845
15203
11943
45954
57000
8194
60148
12628
63818
30267
39795
28528
41898
25063
38104
60010
31857
56166
41117
55176
12311
25907
44911
9441
65480
56273
30286
2575
64011
29059
28302
15293
58330
19220
65276
19400
28354
25909
45665
12115
14663
21464
46199
21763
45629
2301
5214
7202
56511
33595
22247
29859
9223
17428
58596
51580
39129
33439
43658
22278
7035
5500
63256
51165
39744
11594
11592
58828
18666
50077
12609
2456
527
57335
49532
42334
16585
25415
23013
62935
6989
13178
38246
54730
23418
63352
45431
45425
18006
48788
50440
64149
918
35386
54553
63529
27027
13209
36484
56322
21086
57058
25791
8161
13292
38201
8526
58613
14057
11105
40234
40299
34227
39625
42416
31957
54662
23564
50834
43356
42408
56222
26327
46013
44198
19054
31814
53534
28331
28847
35013
42115
48496
45552
6917
8958
8985
35262
18670
52684
29128
28717
42149
25058
63567
11275
27304
7495
13934
11730
17645
20703
31055
43930
3190
32749
37527
18615
12753
45174
33812
40608
19591
21217
63866
61114
3841
2679
35404
48539
32715
57200
37195
49678
17712
59404
65179
6321
51586
65305
59359
47099
50045
64157
8215
53117
33611
9319
64868
54510
2365
13395
41475
22177
14778
53469
14644
10495
43759
1045
60845
61470
51559
57976
16031
9831
40945
3336
47961
33335
41487
37938
16571
57297
46355
9652
24986
19224
47659
49853
62897
50271
36396
40043
19291
5845
9495
42507
17857
223
51761
13765
1534
32648
44671
7005
39571
43310
49327
29649
30213
444
29338
64112
24391
23491
33951
61558
60481
33712
34253
28112
54982
1163
54146
29706
4083
34983
18889
35307
51419
15064
48321
35041
12494
55359
29835
42120
14159
59548
35540
26005
45084
23672
27065
3558
38571
20950
23258
23790
3202
51850
10051
25267
45584
18210
26849
45886
2598
62812
42291
29984
38330
49386
3234
36741
9980
30258
35811
13802
26646
44826
25119
51207
31259
52182
5005
31961
51003
2096
6155
31106
16797
51786
29186
57299
19097
37059
47301
3288
4408
53809
33941
13914
63175
6782
46026
55185
37739
19248
36150
36514
53086
56281
36286
52131
34897
6657
37988
24799
50837
3776
34866
11055
56179
58021
33197
54236
60765
26157
25322
45336
50534
39430
21440
39356
37772
51932
15366
11587
32754
47333
27791
58328
2479
7628
22682
34054
9739
41131
60119
16967
11075
25247
61282
22727
14360
48927
36139
17411
65156
27328
61353
61845
63070
21902
40618
47719
47424
55207
64088
48196
62931
63777
1487
27607
1953
33181
8393
34845
41279
24885
37193
17303
45633
19809
43496
22140
24051
42816
43265
44187
51484
15056
10489
9646
39990
8949
37991
25197
14973
24725
7373
13519
29487
12337
51517
28845
50766
1854
65049
43364
2066
17049
34930
2097
46175
16416
12968
44644
43573
6213
22848
30743
61226
59349
36138
9925
5973
48381
25516
11599
24237
18934
7973
52367
13067
5085
59015
50933
50087
32828
52668
1827
43767
3165
21497
6462
39369
2092
21407
21605
61787
6322
44490
13015
11095
64215
28044
14977
15972
45796
28627
9786
32957
63545
43844
14666
56965
29091
55235
25871
48723
7911
37881
3272
61920
850
20892
21787
45478
52600
56191
62453
44069
23655
34425
7450
23875
54997
40149
45906
28159
36021
2085
11603
62561
6695
4734
20371
42790
35449
53187
58984
41139
20751
26767
54607
43469
59231
39164
29553
676
6169
45545
31777
17567
37695
50552
28305
26145
36778
39267
2331
61245
55923
6512
49401
55906
10715
35618
30285
39769
11245
7990
1327
2973
35910
38202
15796
56843
56513
37124
58604
48763
16792
38076
10484
46118
10767
16003
52884
33253
2625
47002
24908
57819
60382
65241
3248
51265
18026
15771
28296
8163
48337
12089
11123
27887
23606
2275
13514
42532
13305
13650
35476
50137
51396
43059
41022
16133
41536
24408
19400
9458
28024
47121
50782
58218
9169
473
47740
64
56933
5557
22597
55063
52481
62413
34296
16091
56446
43747
39567
56095
1059
14885
41744
32923
46278
34478
50007
8798
46618
40057
30493
60841
1093
29485
1243
7270
48352
46870
2742
57138
58762
18678
12025
19393
46307
45895
38215
55968
6321
7632
13640
16544
17386
42728
25396
43581
3579
51684
62717
42221
18728
61419
35089
16165
55268
46352
15137
24360
36389
32721
58238
51322
34432
45505
50097
47015
58067
17431
5523
5903
34656
39686
8518
41269
41295
35920
26412
16963
10787
26676
13034
65520
37489
37063
22223
15192
37137
55330
37973
19960
58983
37004
57168
36316
52385
23347
1041
18178
47299
11936
32252
55752
51543
46664
26144
29091
34068
40980
1674
17858
40885
896
55604
22560
60320
60939
36885
49407
4457
58759
45459
19241
33753
11696
7807
8607
49042
19345
36568
33128
20065
61766
21937
13952
30925
50171
31289
42230
51815
32289
24773
40608
48391
12436
8197
5703
37328
1594
40570
55515
36196
62374
16768
59428
6166
15654
38684
8188
15779
28763
16428
43147
36128
60635
3656
64235
65514
24502
25006
34314
59855
35692
21366
58947
19247
64851
10700
37108
61697
39519
43052
28556
65118
20016
18996
23462
48899
47415
15223
43879
52354
48790
16385
54543
32047
37487
32233
405
38598
25409
18236
47903
49277
3342
2789
65232
36174
25353
2498
58769
12077
38951
34177
2037
32580
28005
51663
53492
3907
14342
44266
41402
29525
14943
29150
39838
30605
5857
57983
7479
15336
21784
3589
4210
47185
14206
26956
41589
7394
11397
11702
12412
1055
6955
42833
4534
53864
13100
53055
38030
58990
14245
58267
23195
19619
14851
4114
7349
58900
29499
27713
53372
19224
28271
15320
7898
31617
51078
19630
58163
7914
3806
10612
28529
15284
51773
47712
23488
34309
64154
48548
58199
44613
37046
39291
34670
59723
35259
64382
50812
63676
60495
38348
20876
3309
43375
6778
16726
45434
33185
52002
20360
5138
49011
44492
27896
32093
23379
40908
64693
16681
58170
34956
48841
61499
15736
38101
8419
65049
35906
16680
13063
9786
56843
59851
48454
11175
19123
43586
5190
24804
48110
17931
36691
58522
20735
41210
52796
58231
48655
26143
45010
30356
57504
4766
18926
4854
29296
39836
5193
42861
38150
21639
59045
25946
36129
19446
18540
63082
21074
24471
38895
12159
3246
52808
34278
25074
18391
35063
7397
58075
51188
18074
28385
12182
32764
11882
16676
29142
20725
63264
646
29994
19886
53231
23713
36377
13920
2947
47641
38838
10415
13423
40177
10187
65033
25686
62166
26429
54310
16521
36724
12284
55153
35318
27778
19053
19730
14374
26498
24735
4261
25844
34382
54461
42877
53784
42913
2597
14557
5619
60897
60828
61661
36420
64188
11482
11198
51989
11175
42107
45420
56501
27671
4584
22472
39675
52619
9812
20073
27092
3549
8652
15023
43809
60896
41294
47705
40522
13201
27191
35393
53665
40310
1917
19176
57225
29084
22330
35036
32230
18221
8292
44910
16060
11969
38317
27865
48258
15136
5108
47451
42606
24656
8947
28801
54641
4019
38263
36130
52561
56746
18655
59598
21354
18653
19325
39578
51633
389
17738
17506
41836
49736
21755
33617
12460
60379
11807
4182
32712
10429
63658
2087
32931
61532
47299
27505
10995
46810
27786
37359
28109
52099
39443
44460
43403
10724
10449
52759
43498
30787
15736
48331
20297
53923
11533
32568
33259
62368
56470
45309
37172
8452
36482
46235
1762
7813
22533
13646
49862
39730
36036
53446
60717
53539
36311
10747
58574
42236
21071
1795
53592
32748
29909
7780
55735
41497
24882
41548
58020
20961
56940
15606
21969
22435
34934
61806
51993
34408
39206
28145
42149
10664
56107
2791
58709
1659
52775
53624
32736
18134
43860
2321
55208
62883
802
62615
17247
32951
58673
44078
35549
45245
56379
27215
41795
16080
20224
41601
16292
23578
44793
59809
12805
30375
12048
16812
60376
10314
23735
5259
64852
11277
52819
33304
34554
17057
28675
46377
25333
14556
43960
63478
61135
60514
48502
5996
2760
1507
33931
47919
33920
46316
42732
7705
42309
65121
42649
42137
63501
14490
8834
21401
38833
5197
58540
13003
15650
49171
48281
27898
37810
38718
46240
25666
56135
6689
40474
42119
27496
44153
63867
749
47178
10823
34418
45687
27989
13294
3223
17497
44872
49002
16315
22884
50533
61723
45812
27133
33352
38191
23319
4862
41891
65392
54987
46640
43040
61741
41093
52847
20773
4980
56617
20705
30142
57358
61601
24607
14067
36040
31848
28674
65496
32292
34616
31611
62702
53283
33456
6918
34008
53027
52217
14153
41293
7499
56340
27810
3374
10924
13577
21316
15882
39001
48364
28844
26359
61541
14614
36227
12719
19399
13614
51821
57142
2342
61496
27666
11937
40315
62002
37747
36249
44345
60170
45033
26789
7242
27269
21486
11900
17826
2638
58313
48052
4286
43894
32492
24690
47577
48948
65007
28391
6508
29273
31854
26754
44229
1874
16687
36483
15504
34360
22608
58530
27469
35922
49437
38824
36147
14215
36345
32883
40570
25713
22111
32126
22689
18118
46744
49099
51155
51543
49149
50781
27459
39505
54566
52420
47667
43811
38568
56199
9318
14049
62705
21340
47686
4564
7966
35264
10718
9620
33928
15115
41215
10025
45828
63016
1647
44279
56668
31130
25570
7964
61726
17811
62093
64775
55975
19465
60408
26734
25045
23365
37259
26245
46101
59946
23187
29938
29914
25091
53155
43387
38248
5884
14395
61920
17002
42641
3999
57206
59100
40986
42210
41930
63167
52761
28436
13698
58427
46179
42253
18294
39630
17959
58552
26231
17778
40760
36729
40922
19402
32676
10332
4581
42508
14444
170
47992
64967
56103
51078
10508
11518
9946
11845
547
20702
60793
13012
25791
55127
62052
36542
43709
46865
39484
57763
11499
64155
36661
42493
50077
108
5295
44627
3389
15792
974
42098
2315
38919
9689
21217
64635
42092
34396
18058
35692
48523
14559
48293
14696
21966
43149
11886
18877
64631
26255
3649
44852
63593
23644
11471
21478
19762
33295
48048
55102
13553
32225
49783
47637
7854
30727
54750
29160
22633
64861
62700
45120
28419
34624
55863
51558
14228
16047
42241
11086
15091
58514
27471
57482
44439
61519
34114
34323
26414
25919
9734
34750
40387
41934
38083
27849
720
39546
30563
11846
14684
1472
12971
29568
56772
11815
9767
12743
7676
37075
44064
45628
44812
3799
21148
51190
49292
51589
34580
58559
20272
9137
63220
61457
13046
26793
16046
26419
25448
38391
55070
24931
46558
47790
17300
11459
22808
16799
34350
1310
62310
33125
38088
7978
42152
62393
56824
17665
53520
43864
792
11491
49121
62732
35123
64860
29977
17602
48010
19678
30318
49675
38141
2183
42366
20487
60153
2489
27310
42741
36031
51361
54245
43624
45969
63419
33073
25990
48721
44099
15597
8656
6639
14415
14334
26936
56901
504
26332
46824
5553
21645
50519
6761
64943
44038
57764
27236
23176
23807
49029
4303
37656
31239
10183
61964
41261
25012
32103
46969
27367
41088
48175
53713
20196
50616
23469
23794
31219
51021
19374
30649
63065
33478
30921
45437
21080
18161
59543
56470
57384
20848
11156
62216
39277
43524
46991
52935
48502
8775
29853
41075
32725
23922
4391
37662
39352
57372
18941
24480
49876
45918
55626
1511
9359
9792
53572
26796
56195
3545
2590
35655
32995
1397
56778
14821
65270
59573
44403
6221
23157
37300
17245
51029
36907
15462
57861
34929
47440
841
643
51133
13681
25569
29397
9876
2162
59531
14682
21522
40291
13648
46802
51020
55329
24769
38652
51798
65364
59266
46724
8333
20020
23908
5815
22590
22192
12785
37878
59535
25006
44808
5822
2734
57944
54014
91
58132
34513
17121
35288
4346
26089
20556
56535
62636
57655
12641
6202
14384
51032
48628
60889
38812
49433
41425
2739
46133
30442
11534
30668
39916
41152
13951
10359
22276
17877
51442
25667
18000
36476
23507
4971
29515
34730
24409
58757
16297
46859
47242
38039
32023
63647
47178
25187
72
24697
14241
44183
43969
22648
52082
5416
27849
53118
16772
3671
39190
380
35666
58338
45276
400
13105
29826
26417
61444
22787
2392
38309
65316
27606
61074
55452
10532
12629
54289
55127
20576
18010
33264
62825
43619
57750
32644
21695
36586
4881
3734
58746
37505
57060
11724
12086
50896
57551
2621
40770
34195
286
29317
48448
61481
53782
25010
18430
58421
14029
40308
64587
28230
30141
14462
63661
63102
26942
29881
10722
31198
54476
56490
14076
60879
17505
16880
4688
46257
2304
18598
44116
23036
35678
32841
57305
30953
4815
43602
64524
21444
50796
7579
1549
5126
11959
37826
22611
46989
55041
14508
10925
44560
20056
32886
18585
40160
17336
2443
44662
45659
53936
53315
53423
40969
55102
52089
65164
61136
14926
61385
48598
22350
22726
16818
2236
609
3742
7476
40643
49714
20344
59195
22769
62170
39105
16660
29677
6158
57883
37735
16212
63661
23276
8664
33971
21803
37506
9596
49658
47937
3845
10693
44332
61461
23053
37440
30884
39272
22424
51553
20642
44140
56135
47350
60800
3939
65266
62865
15520
13295
27368
45918
10999
23439
10803
45994
961
877
17374
6144
45562
52814
26967
38885
26954
39757
15111
11812
19981
33558
46492
2062
9332
18113
34435
20734
6497
46800
28138
9145
15685
30050
50942
2251
49468
60540
4330
3899
39966
4358
14577
47620
25850
53783
53116
39140
29215
46139
55526
4572
1618
26921
46752
9249
44504
13141
12533
39881
12104
35545
55882
8532
48217
15858
11506
50017
44472
20226
26484
53303
52628
52370
16517
17791
22039
42060
55811
55314
30895
21964
12954
9835
22992
60867
19052
40092
1931
52647
11611
59265
8297
16986
45854
64073
32176
33035
53092
36042
59510
13133
16967
45854
44542
47439
15204
47767
19288
18618
5119
24763
34325
33081
41268
29018
22889
14602
13172
28920
3090
54564
38611
51443
15778
34810
30820
47690
34287
64668
57686
56319
26079
51270
18925
173
3219
23656
50945
46116
18658
25100
5937
35419
37646
14292
57592
19188
52191
17787
12720
30225
14034
6818
16410
38272
55903
2617
32477
27043
7131
4920
63818
36125
8529
4373
9010
36349
54475
41792
58491
31947
35798
48068
25609
25633
7998
37804
5482
58676
53475
11902
34093
39827
38846
163
26542
46035
23040
11741
57401
363
60681
58358
40049
26804
26230
39883
54715
28252
49090
8806
45182
65223
37182
26787
30493
54387
55545
61559
3210
35994
62049
30004
23138
8518
48317
45236
57054
14735
29458
7632
47778
46811
59597
44526
22488
48984
23815
36619
55619
52691
29122
62502
60477
29558
27797
61989
16484
8089
60014
17763
53634
36696
41039
37431
17702
49478
63763
26070
2541
32772
47660
52079
16109
17361
54466
14122
53
26406
58379
65215
39849
61585
27446
17188
60472
49136
7289
29545
12880
15158
15104
64064
53501
54575
58656
33897
46073
45295
17107
52263
50145
39049
11978
9917
43166
16410
11365
5652
150
33784
46426
36592
59788
7526
27553
8005
23514
51924
42916
64007
55597
29165
45498
65280
16146
16443
5539
46807
8456
51563
20356
62775
56068
13003
28501
48872
29167
1861
29079
19560
53325
20164
40640
61654
4262
54513
34023
55181
52900
58944
50763
31611
33817
56114
26752
61895
53998
25227
46910
7395
8029
32413
48423
36020
28731
37957
62234
26760
41737
21650
49
37276
60681
3524
9636
45473
52480
52715
60
8012
57908
42024
45177
10271
25487
65189
15608
48334
62323
47515
29403
23595
37914
34667
37298
15578
48906
8679
61117
60473
13728
32462
16831
12017
40427
33352
32570
18100
4898
6779
55115
60273
11018
28561
36360
41152
57531
14974
28346
55971
38835
48023
15456
1270
36783
27530
17918
47417
57867
54683
8619
56587
17379
60079
25058
5914
43008
31208
27155
30519
61712
6779
38237
43891
49210
63420
5304
18967
21280
38017
58666
63726
8031
65275
50453
18971
40725
28638
13395
17513
5503
2165
36613
59675
4151
29603
25712
49422
514
48822
38528
52452
33968
39300
49386
44637
18963
17179
16041
8735
28171
18680
55990
38195
47462
50766
58868
53075
46266
61258
1460
62519
9804
4951
16582
65335
42147
7122
40260
47553
25684
15609
39969
22459
58181
27706
9802
756
16010
13383
27485
1758
30430
5804
45018
25956
39473
37715
3311
57746
24933
13441
55040
35529
35596
5245
42311
52555
50802
60636
10079
21989
63920
30765
41416
35677
39597
52769
23433
10959
60657
33949
51953
6956
26716
35388
8556
44653
62338
35087
25837
59834
57523
32150
62071
55466
11408
49340
59010
28723
16231
26814
62867
55088
64263
54473
24945
57414
12074
41734
25658
13799
24082
52047
23558
43648
14653
22407
10939
42006
47373
41326
41895
64398
56206
40150
49207
6437
40569
7142
2450
11849
20395
27278
49749
26010
10639
15338
13351
20065
43636
15290
45576
24682
17288
56086
8174
20987
62686
9986
62535
25858
51165
33824
29636
21081
55904
39312
62539
18399
60357
17140
14641
17086
45931
22956
36219
15972
3696
32743
62946
53721
59190
56797
31390
49914
34382
49599
15978
26903
41678
9062
33050
2274
10920
37031
64834
38001
42755
58380
52100
21642
44558
10613
6457
9135
47388
28846
38486
13273
40436
23812
14662
18803
3094
51289
45086
61827
58962
15787
18698
7805
26545
61253
47441
38125
6954
27308
65494
56326
31920
43420
41789
43184
25231
6099
27497
54424
15597
28523
29663
28370
48518
62495
26697
52495
6244
55462
31412
50191
56769
45939
2529
18055
55351
54390
45150
54404
41829
56650
47612
46422
4113
17451
4472
41561
15771
31164
36011
60376
25300
12013
11274
51587
4642
24572
3949
57609
13965
58445
12505
45521
49046
34839
45183
9463
36796
5561
60629
7428
27817
16432
50209
46514
31526
35573
291
19337
14428
23157
18481
47989
25918
35237
46582
14248
65146
15041
59196
9538
64605
51324
12796
56261
53592
13252
15222
26378
26158
50470
11226
23113
48581
64241
37463
18539
18944
10860
40175
62400
48608
16702
54068
37933
27818
42941
2964
59682
45977
22913
46454
17254
24329
56039
45237
15208
19436
10274
45692
43334
64047
60263
35127
11177
33217
17690
3761
15815
18569
23950
19060
64356
31563
38439
27494
56419
7560
11744
41063
29107
55323
7494
40241
51187
5536
59772
29182
373
59019
42120
29673
32068
15656
47276
55433
10973
18542
54330
43756
26128
12027
44800
49333
9967
32948
34555
62879
39582
29617
61757
15979
53030
18856
57496
39153
28070
36084
54163
1908
59924
60702
52410
52386
57991
8372
32245
35133
19482
28007
4321
47070
23901
29962
54677
46097
51475
9141
24738
10419
11245
32245
50776
59518
26168
63072
45056
40746
52844
8903
12444
35125
25615
59195
19401
40155
22527
50885
4857
49878
47556
22844
56934
37484
65051
62780
18542
6534
49285
5779
36920
59676
32692
51874
24117
43489
41075
16800
61709
23777
54227
32258
41861
62726
24977
41033
13232
53545
23455
25228
38737
6517
4778
31376
10054
33637
41746
41984
45229
21603
61086
20272
27268
2261
40516
60044
7426
14005
3964
16671
3661
40356
16583
4305
36493
5276
5646
52611
21750
53430
21941
25436
46114
14781
26652
35327
13555
39196
12196
30634
53305
26801
39412
36855
26392
51851
24990
23754
9845
20743
26146
14749
1770
23152
28711
18563
52592
12994
34397
7575
45344
34831
17560
26314
18006
50790
27084
23134
42977
464
21430
24561
18758
64802
43848
28272
42440
16353
27461
42027
16678
40834
40084
29147
29862
41691
17717
33198
42039
18247
32050
51842
40752
42731
23745
11777
19207
43520
4411
40144
12396
16033
11082
42105
50041
59699
58592
43818
41325
29291
44999
45613
27834
18247
33542
18748
39093
12248
53161
59679
42186
56560
18744
32040
12854
7747
2840
33471
5317
62649
34855
32344
17057
39068
23045
19146
27842
60871
43408
4579
18305
59381
62077
59568
48543
30247
51318
1019
56703
34979
31690
48926
55940
36249
40469
60060
61799
50965
17766
28772
25180
65390
48521
60639
55725
45035
67
31321
38224
55115
18848
27087
14467
47315
30680
8399
53487
46217
55140
61691
7526
29555
37231
47872
5550
44792
45404
58075
52160
25488
26386
35997
4584
24742
13420
1107
2786
2351
64052
35135
44676
1317
10789
7186
37271
63471
40347
42786
2040
46002
16265
25093
38895
25053
49778
62099
10664
49118
56122
54996
26279
32952
8069
40261
34479
20472
30165
37528
13424
19547
36472
15499
34855
40766
43406
34830
37259
65534
48900
15996
12907
25336
12773
21180
7915
58789
41441
15754
2028
25425
26658
2603
48571
50487
46263
44899
56837
43725
12808
33941
64859
5021
57656
36823
52966
46823
1503
33020
5776
61632
36996
59659
31439
33347
29690
43426
58146
51351
15627
16934
12221
30126
46633
62931
11485
44523
5321
45803
34352
33357
32942
63461
5264
6475
53917
46155
61746
1493
14453
28458
9777
6559
1413
3602
45245
14289
10034
39346
54510
47287
49975
56124
17212
34688
49968
19597
9489
60634
16881
45574
45094
48690
58221
65393
38972
30246
27719
57846
58669
2412
37875
57763
33000
5749
59860
59592
32292
2119
32145
46666
13978
31462
6393
55155
54748
54149
14884
41002
64596
29578
42500
16475
4704
11027
10492
47516
5849
61846
2765
12711
56504
9357
11052
28456
8541
24141
49561
3069
61392
58834
41419
43062
64687
16524
1437
50110
34033
48314
18830
9441
50032
52812
33815
54710
9080
46349
32119
49341
6778
59729
59781
53419
14381
22487
30072
14953
37495
14313
7243
20275
1777
43777
57758
27256
53132
54561
41449
34749
9479
29231
21909
7376
47759
52338
52428
43357
46837
40650
25330
40769
33901
23247
29930
26426
9931
8438
21592
44857
58387
41159
63649
15393
37836
10303
58764
40937
15810
9129
32206
30873
12447
42234
56691
46882
17290
64344
39435
63872
53898
63811
637
34193
48022
8237
39488
15895
1405
22182
29160
51636
26027
62709
59920
869
65341
51917
3320
51762
33491
12347
28274
44360
12624
1277
7328
56523
10743
11549
53867
16138
41903
38691
32210
25744
12618
31459
55102
48106
24676
12023
27912
7574
23330
16477
34953
30376
22097
1445
38547
28498
65414
41109
47301
34150
18425
40627
24448
46573
5877
45772
45774
49231
27132
10159
1556
45424
62102
15530
52137
48900
10975
32264
52602
60610
25845
26103
57972
10296
63914
19540
59725
36684
24766
8349
64714
49053
6832
22736
44556
4252
20525
57600
43472
9562
39436
12075
33132
19755
35433
57036
42397
28705
65437
31547
1179
18737
57004
5953
54135
37852
7834
42424
19808
24552
65471
1387
20938
41959
62794
40827
5716
63138
42280
19121
64415
44298
9592
64515
62015
21232
4923
29505
42427
29679
20434
63870
28755
48548
48149
56188
2398
28819
47252
25635
32846
48032
34673
13224
53492
39743
27366
4725
9661
42841
11762
11467
63961
42941
39895
10676
41067
2826
63133
46333
20699
10844
40428
31893
36716
32863
6974
17249
10769
4110
55076
32492
5717
61727
24838
13131
25496
7975
49983
47307
10273
50766
13012
9743
12201
3047
19195
13124
6696
13115
60691
57556
60415
57833
41232
5707
14019
64683
31888
15729
18270
62514
8140
40082
626
1413
23479
20883
60611
44701
27663
40826
24345
39798
1743
30482
40900
46957
19430
43861
5543
20498
3707
54232
12346
6849
44132
1933
23817
25618
29811
19672
12185
23455
46220
64312
55419
13526
56322
32509
25632
51533
14598
27829
12442
19098
44410
15657
63690
27777
26241
30436
15293
47272
18401
30235
20109
22312
37638
54320
10924
48274
25996
15663
59169
53469
63920
7148
15858
28238
46794
63927
10728
19334
2417
13748
37759
29106
11796
5309
42715
47705
25122
16297
4041
7659
24868
60562
11818
13803
57798
37506
1761
59376
33006
45942
63875
7024
12279
18603
30034
21872
16869
47716
23099
508
37125
32288
25651
8968
24607
45920
27515
39875
48750
29808
61695
11768
42050
20156
59690
61756
21397
29164
27930
20706
49546
33655
27845
30943
10407
8190
17869
21215
61000
50469
28900
36890
30904
51847
34714
12884
41635
65464
56507
1247
8985
34350
9956
41789
49520
18760
36710
14679
15234
19790
30713
8484
15751
8467
32403
44808
9527
8267
57083
39138
11377
27176
56270
5238
64730
16839
30814
37359
7029
12751
43945
48193
28554
52205
7700
26844
48866
38126
2109
40204
38306
40203
37954
33374
31098
30859
3954
54865
28225
21155
32723
42747
60892
62457
18548
1286
10169
45574
2663
41612
37825
28347
32164
45014
64095
25545
2541
19536
62649
12597
3846
56570
59530
21795
53349
53431
1619
57733
21399
12262
30605
47197
7310
8018
49189
57227
23785
57531
44995
10007
36965
5903
53357
37105
47543
13947
47820
1918
24911
10980
45825
5466
8061
29964
58201
21154
16538
23676
52953
20941
27094
39999
64037
32050
25434
10794
58806
21581
52177
7883
62784
23808
23843
28243
41425
47667
31484
362
8261
3133
50703
24568
59749
11101
28113
26803
23916
49139
7240
23497
7938
60835
17513
32228
18062
23501
62412
31630
31006
44100
56620
13160
507
6622
62539
58060
3613
32331
34908
45917
2660
21544
54779
56919
4332
25209
61474
21191
16928
21328
43521
59863
28301
31863
53451
43884
24414
50936
34133
53937
7536
59238
26573
34212
51283
62268
5195
55646
64049
29108
65206
30438
50331
20984
39863
64040
5384
56584
31665
64779
29758
5259
24438
2877
52032
8731
18299
4365
38335
47387
50243
1659
33645
1563
42937
6137
31885
3073
62498
64295
56550
64207
16041
59986
51422
18314
61665
26088
38205
24903
25641
51035
18501
27626
27501
51039
51598
16976
43478
56919
29252
3590
52057
58601
64778
6765
51369
40876
11444
63221
26617
18669
27543
33770
14777
14716
34140
3088
27903
8566
44615
49378
4127
1288
56719
18188
1923
39111
39700
45308
49824
11790
34916
11829
20528
3180
42970
49704
52317
35715
40717
46188
24467
40872
53456
17436
2645
29426
5328
24224
31446
56985
63050
27823
33304
23102
17370
32019
12528
61773
41406
51451
40673
57953
11064
13639
17525
41296
46547
34636
54430
18371
62518
56094
62645
19827
27912
53265
12242
56760
52606
63404
43420
19800
1898
13596
16924
40810
42538
25724
13172
7824
55025
13890
36741
29450
7849
35522
40465
47150
30537
8130
13375
14805
22545
24750
49002
38000
20638
23951
27700
37268
26835
51369
17920
49168
26023
17164
39258
39154
65428
29229
25779
38799
32153
33767
14140
49649
331
4145
2924
14269
44279
42259
51673
58556
6116
9264
34030
22980
60281
1437
43040
20310
39515
63303
27174
49722
20158
20273
27104
4187
24136
31681
13917
28932
28310
15386
64484
40940
12155
23775
52597
20004
56767
33198
7902
21090
64264
20567
60294
3402
4771
43824
10243
41854
30953
44190
19348
9203
53848
47113
30367
54923
53070
24824
30758
55695
32007
36222
47619
21456
6195
18056
42247
26067
7855
46724
50789
48637
47602
55881
58457
51331
28321
38348
3298
30087
31515
15973
3398
9576
19619
33952
47253
12663
45182
3904
5991
59854
40292
14461
9969
14232
49637
60426
2372
32156
44157
27642
13649
7798
47651
9310
35134
4629
1854
14955
47035
20557
29656
35853
6612
31865
32819
8143
50076
20491
51792
16353
28550
49009
16208
10177
54946
28602
5011
22429
5385
23412
32758
62017
50703
34498
35131
41623
15216
45585
25912
47274
27789
46467
31422
61530
52852
2637
15947
45439
8597
58152
34968
35849
25377
50859
4583
51649
28434
34612
13716
12173
18607
383
62720
41646
32541
59256
54336
16774
56457
49175
27221
26127
22819
39809
37980
59653
37403
60804
4052
51192
35812
48897
56205
39606
3989
1195
31668
5877
43221
19754
52071
31458
10613
22224
6309
38712
26651
11573
35806
3767
37436
56278
38156
49014
64241
15706
54272
3590
38106
12590
53503
40527
32981
30350
37531
4018
51525
25660
10339
27447
2452
62171
42676
28780
9954
33271
47004
25092
56010
18180
38970
41991
6339
35891
48730
64584
23071
1412
62793
62663
17320
21836
19817
29358
37482
41062
23627
37467
60300
63005
15359
23820
31822
50610
49743
41877
27462
55816
6094
46095
24534
37888
54749
44982
10294
35249
53866
26334
55344
50765
14569
7908
15280
13771
12539
62669
2591
2482
17292
40167
41641
3558
15968
34725
11194
19546
36
1427
2284
9678
36594
55732
58941
60791
17974
43391
32170
40259
56580
21838
55792
11
43962
27423
24180
18405
44403
34437
30772
14424
59987
44740
25522
58087
17058
61401
32890
4655
24791
8090
15738
19469
12741
59621
20505
19304
41315
13385
54408
672
58434
26478
37643
23066
2371
64827
40952
33935
22050
5925
5290
22559
14994
41419
10349
20849
14916
4928
8669
64353
44155
59428
23897
16419
9091
48786
44909
29648
38726
45888
45536
21145
8405
7875
36648
10966
24880
12719
470
32458
8695
6558
57125
32519
12823
4552
60582
60942
54931
30189
46782
7312
48972
52010
23524
14803
34380
18413
21655
45904
64081
50196
10335
32374
49393
43468
30494
12926
29485
4895
35137
24513
31288
50557
40221
28783
44693
61518
40507
34062
37243
34966
25916
27092
20160
42582
35102
24413
35897
32362
431
44079
33892
56747
58890
8053
522
1028
60733
31499
20792
10779
15136
28193
49073
63879
23721
44214
55660
40307
3157
21455
38079
63996
59540
27266
48392
42301
49227
50831
16892
61502
8789
28846
36064
19343
52374
19894
10479
53140
41731
42675
61697
2000
35056
57916
64584
6768
214
18761
23964
29937
34609
58040
14635
50181
46497
25230
9240
5860
18961
17744
3054
6918
64815
1245
15910
45141
36406
36707
53317
57698
6801
41130
42381
18635
55417
9650
8310
19362
871
55656
36327
34347
61803
35946
35344
50286
16932
22675
65012
650
48016
7731
29986
984
54342
25543
12382
38649
16483
55292
49568
33600
60802
31402
17073
46388
62384
14384
63221
14958
59871
58499
58594
24705
15228
63482
52635
21950
9861
46042
63094
12924
6080
55069
9711
26922
8951
51717
11695
11049
22140
33013
10521
63949
48937
340
23375
54976
8309
61501
33387
875
5944
12595
8333
58362
53828
20690
296
11885
43608
49125
3519
60914
12309
4711
54650
64130
23430
25861
41765
53102
6570
18981
4031
5808
23137
945
19873
58895
6199
5904
12550
1733
22746
18330
65050
9477
6877
57864
3026
4061
8744
54530
30144
12913
38046
40368
4352
26965
52002
40828
3113
26300
20088
51654
21369
33404
14956
52645
63436
59295
48403
51936
46752
56810
21333
43753
23226
23798
23408
14783
56537
17437
2323
2131
25525
63603
58102
16574
64027
40226
48545
17318
596
9343
43306
63863
4274
24040
7504
58109
64863
16475
40732
39054
18412
64057
48725
23129
48305
19968
31543
20136
50853
50926
23675
15663
4636
44220
58342
38886
50798
48981
59707
6001
15105
2157
8251
26364
26345
11528
53043
16795
5086
31970
43568
32720
39405
54398
7445
27717
24391
9750
32555
28161
27551
13863
6590
39040
26306
4797
60746
47943
59056
24706
58945
23614
21853
16667
33943
11138
38405
36040
15675
27694
37297
33444
31978
46332
58464
12640
23522
23540
28438
13007
33733
2370
12434
27738
57332
63951
52430
49828
58071
17525
57586
53930
49644
1289
10844
47612
57491
17568
18362
13257
16329
19256
34261
4304
62512
39254
34273
46777
28510
58911
10359
44249
23850
51777
670
60858
16632
5997
8260
36896
40306
54211
21370
51151
26965
7151
62994
1818
9773
893
11295
55480
1504
60383
28774
57783
59284
14059
62604
46418
55488
59187
59958
28874
40266
64285
15754
32595
62123
24091
63390
61826
10457
8661
43426
62509
25983
1054
11843
21077
47647
25256
34412
54973
56175
63698
51115
17956
52633
17888
42277
45519
53914
33242
27688
8932
51932
51246
2648
34252
37716
52316
12121
32662
8484
39717
46968
15511
43271
38164
575
8988
50651
63504
29207
48583
37910
51867
8427
10140
57510
63924
62865
40782
3169
56741
25106
41301
16174
9561
6085
21587
11991
28466
3521
6145
33080
52300
17997
4207
5099
61039
19618
51930
3869
17583
11162
7463
52566
24249
31246
29411
33433
52284
41835
19270
60395
54756
27142
51069
58489
10552
26024
23725
19053
34841
1317
58165
8498
26809
16188
56763
11539
1028
58702
45891
17244
38547
37638
43079
61810
30070
1872
37850
15056
29319
57706
44409
52420
35462
24469
49370
43549
39136
28020
45628
8750
30602
50759
52427
60016
35569
62383
22913
25955
11839
53350
51728
24627
63941
63980
33691
28197
12518
41827
9073
40268
63603
24779
44949
51047
38482
34542
59773
6852
6920
2386
58076
6552
18655
36049
57565
46519
10196
49778
45664
9399
27175
26755
35357
55726
4388
38478
29226
1106
34955
62087
2631
59217
19428
8617
29403
56654
60325
25490
820
10849
57083
59466
40001
60844
62565
33409
10288
50374
16149
64257
33980
1317
59908
54280
24722
36773
33830
60897
12109
42134
34934
47324
14584
56667
46501
45111
35077
31848
17938
37536
16987
23729
14799
20804
34851
53439
46121
50786
43280
45978
796
2166
32663
9626
12331
20912
36582
40278
1811
2160
31046
45137
59649
35947
30082
64799
16388
30945
52244
19319
3220
59277
42660
21937
53307
47026
2907
5043
39843
21440
58565
6435
64825
13371
6076
57414
65362
4541
9638
27914
29969
43993
45548
1561
2463
44306
60495
25327
47212
10928
39733
54414
39925
31313
50905
60434
46703
14816
44190
44498
59588
50834
33864
4323
33195
24333
2803
29672
62396
57075
64416
37274
63989
27486
1271
5936
58725
49626
978
60368
11421
29252
49497
21895
37553
46671
28739
18225
45906
42007
56
16967
31878
61038
28292
25435
4947
36548
15362
59747
14457
51401
25987
39004
12811
19917
28757
66
13567
38438
13138
46075
54285
36405
40061
14815
61689
38445
42919
24413
45780
53521
47351
3153
62242
12734
61131
14823
5307
16826
48046
22053
38691
53460
37181
25673
49375
50962
9548
15475
45581
63683
57660
42800
64721
20427
35142
58101
28312
11526
28515
42706
42377
57296
1619
26317
37093
59694
12934
63566
15512
42525
26749
36267
9326
49907
30511
14888
21701
36135
38443
44083
47339
40685
11241
58392
21536
51952
50299
7262
44897
25944
39003
10952
59950
38022
13273
48760
25280
47130
34680
62783
64988
1906
22223
1757
14770
29371
57769
7076
35685
13659
65044
17699
10947
32937
22362
26809
8858
64246
41386
65391
36504
47697
31380
63543
7404
21256
63374
20597
2024
18250
25790
64081
29680
65390
18315
21313
33558
31391
37358
10161
31501
52256
54334
35014
64187
59353
42621
4169
53444
6424
48701
5809
21171
44520
39949
60418
55164
48673
48599
33883
15307
31641
51792
9884
44089
17215
34991
65428
32576
49197
2715
11230
34378
18663
62212
6792
13910
46654
15357
32699
15026