65535
65534
65520
65514
65498
65496
65495
65494
65480
65471
65464
65437
65428
65428
65414
65393
65392
65391
65390
65390
65377
65364
65364
65362
65341
65335
65316
65316
65311
65307
65305
65280
65276
65275
65271
65270
65269
65266
65247
65247
65241
65236
65234
65232
65223
65217
65215
65206
65189
65179
65164
65156
65146
65121
65118
65090
65065
65051
65050
65050
65049
65049
65044
65033
65013
65012
65007
64988
64969
64967
64965
64960
64954
64943
64941
64939
64876
64875
64868
64863
64861
64860
64859
64852
64851
64847
64834
64827
64825
64815
64807
64802
64799
64796
64779
64778
64775
64766
64742
64730
64721
64719
64717
64714
64693
64687
64683
64668
64657
64635
64631
64620
64605
64596
64593
64587
64584
64584
64571
64555
64524
64515
64486
64484
64456
64423
64416
64415
64398
64396
64382
64371
64356
64353
64344
64312
64305
64300
64295
64285
64283
64264
64263
64259
64257
64252
64246
64242
64241
64241
64238
64235
64226
64223
64220
64220
64215
64207
64201
64188
64187
64185
64178
64157
64155
64155
64154
64149
64149
64130
64112
64095
64093
64092
64088
64081
64081
64077
64077
64075
64073
64064
64057
64057
64052
64049
64047
64040
64037
64027
64017
64011
64007
63996
63996
63995
63989
63980
63963
63961
63951
63951
63949
63941
63933
63927
63924
63920
63920
63914
63893
63891
63879
63875
63872
63870
63867
63866
63864
63863
63860
63818
63818
63818
63811
63795
63777
63768
63763
63731
63730
63726
63722
63702
63698
63690
63683
63677
63676
63661
63661
63658
63649
63647
63647
63643
63628
63617
63603
63603
63593
63577
63567
63566
63554
63545
63543
63536
63529
63505
63504
63501
63482
63481
63478
63471
63465
63461
63436
63425
63420
63419
63416
63404
63390
63374
63373
63368
63361
63352
63342
63303
63295
63264
63256
63249
63237
63229
63221
63221
63220
63217
63206
63200
63197
63183
63179
63175
63172
63167
63146
63142
63138
63133
63121
63112
63102
63101
63094
63093
63088
63084
63082
63072
63070
63065
63050
63049
63045
63038
63016
63010
63005
62994
62994
62984
62979
62973
62967
62961
62946
62935
62931
62931
62910
62910
62897
62896
62886
62883
62879
62871
62867
62865
62865
62827
62825
62812
62798
62795
62794
62793
62784
62783
62780
62775
62769
62768
62762
62732
62726
62720
62717
62709
62705
62702
62700
62699
62696
62686
62669
62667
62663
62654
62649
62649
62645
62636
62636
62630
62615
62604
62598
62571
62565
62561
62539
62539
62535
62519
62518
62514
62512
62509
62508
62502
62498
62495
62493
62465
62457
62453
62413
62412
62400
62396
62393
62391
62384
62383
62374
62368
62365
62338
62323
62321
62310
62286
62268
62242
62234
62216
62212
62204
62203
62183
62171
62170
62166
62144
62126
62123
62103
62102
62099
62093
62087
62083
62077
62071
62052
62049
62017
62015
62002
61989
61964
61936
61925
61920
61920
61916
61895
61846
61845
61844
61827
61826
61826
61810
61806
61803
61799
61787
61783
61773
61772
61770
61766
61757
61756
61746
61741
61727
61726
61723
61720
61712
61712
61709
61697
61697
61695
61691
61689
61687
61675
61668
61665
61661
61654
61638
61632
61623
61623
61601
61585
61559
61558
61553
61541
61532
61530
61519
61518
61512
61502
61502
61501
61499
61496
61489
61481
61474
61474
61470
61461
61457
61454
61444
61443
61438
61428
61419
61408
61401
61401
61398
61394
61392
61385
61382
61359
61353
61351
61314
61282
61281
61258
61253
61245
61231
61226
61176
61161
61136
61135
61131
61117
61114
61104
61096
61086
61084
61077
61074
61072
61069
61039
61038
61026
61023
61007
61000
60958
60956
60942
60942
60939
60914
60905
60897
60897
60896
60892
60889
60879
60871
60867
60858
60847
60845
60844
60841
60835
60828
60804
60802
60800
60793
60791
60775
60771
60765
60746
60738
60733
60723
60717
60702
60700
60697
60691
60681
60681
60657
60651
60649
60639
60636
60635
60634
60629
60618
60611
60610
60597
60582
60577
60563
60562
60562
60558
60544
60540
60533
60514
60495
60495
60495
60487
60481
60477
60473
60472
60462
60450
60434
60426
60420
60418
60415
60414
60408
60395
60383
60382
60379
60376
60376
60373
60368
60367
60357
60349
60340
60325
60322
60320
60305
60300
60294
60281
60279
60278
60273
60263
60252
60200
60170
60153
60148
60119
60084
60083
60079
60072
60069
60060
60045
60045
60044
60016
60014
60010
59996
59987
59986
59958
59950
59947
59946
59939
59935
59924
59920
59908
59873
59871
59871
59863
59860
59855
59854
59853
59851
59845
59834
59809
59788
59781
59773
59772
59749
59747
59729
59725
59723
59715
59714
59714
59710
59707
59699
59699
59694
59690
59682
59679
59676
59675
59661
59659
59653
59649
59635
59621
59617
59613
59603
59598
59597
59592
59588
59581
59573
59568
59563
59548
59543
59540
59535
59531
59530
59518
59510
59480
59471
59466
59456
59428
59428
59424
59404
59381
59379
59376
59369
59359
59353
59349
59345
59311
59295
59284
59284
59277
59266
59265
59256
59248
59238
59231
59217
59196
59195
59195
59190
59187
59177
59169
59164
59161
59156
59135
59134
59124
59100
59081
59066
59056
59045
59019
59016
59015
59010
58995
58990
58984
58983
58963
58962
58957
58951
58950
58947
58945
58944
58941
58930
58918
58911
58900
58895
58890
58881
58868
58853
58834
58828
58821
58816
58812
58811
58806
58805
58794
58789
58769
58764
58762
58760
58759
58757
58746
58725
58713
58709
58702
58698
58676
58673
58669
58666
58658
58656
58613
58604
58603
58601
58596
58594
58593
58592
58574
58565
58559
58556
58555
58552
58540
58530
58522
58521
58514
58499
58491
58489
58464
58457
58447
58445
58434
58428
58427
58425
58421
58403
58392
58387
58380
58379
58376
58362
58358
58352
58342
58338
58330
58328
58313
58310
58294
58291
58277
58276
58267
58238
58231
58221
58218
58206
58201
58199
58195
58194
58181
58170
58165
58163
58152
58146
58141
58132
58109
58102
58101
58097
58087
58076
58075
58075
58074
58071
58067
58060
58048
58045
58040
58021
58020
57991
57983
57981
57978
57976
57972
57954
57953
57951
57944
57934
57925
57924
57916
57908
57892
57892
57886
57883
57867
57864
57861
57846
57833
57819
57798
57797
57783
57772
57769
57764
57763
57763
57758
57750
57746
57733
57718
57706
57698
57691
57687
57686
57670
57660
57656
57655
57609
57608
57600
57592
57586
57576
57565
57556
57551
57540
57531
57531
57523
57510
57507
57504
57496
57491
57483
57482
57420
57414
57414
57401
57399
57385
57384
57372
57369
57358
57335
57332
57331
57305
57299
57297
57296
57249
57244
57241
57227
57225
57206
57200
57181
57168
57143
57142
57138
57137
57125
57123
57105
57089
57083
57083
57083
57081
57075
57060
57058
57054
57042
57036
57017
57014
57004
57000
56986
56985
56965
56940
56934
56934
56933
56919
56919
56901
56887
56850
56843
56843
56837
56827
56824
56810
56808
56802
56797
56778
56772
56769
56767
56763
56760
56747
56746
56741
56719
56703
56693
56691
56669
56668
56667
56660
56654
56653
56650
56638
56631
56620
56617
56616
56600
56591
56587
56584
56580
56576
56572
56570
56560
56550
56549
56547
56545
56537
56535
56530
56523
56513
56511
56509
56507
56504
56501
56490
56470
56470
56457
56446
56444
56419
56383
56379
56344
56342
56340
56326
56325
56322
56322
56319
56284
56281
56278
56273
56270
56261
56247
56222
56206
56205
56199
56195
56191
56188
56179
56175
56166
56165
56160
56135
56135
56124
56122
56117
56114
56107
56103
56098
56095
56094
56086
56080
56068
56067
56039
56010
55990
55975
55971
55968
55940
55933
55923
55920
55920
55906
55904
55903
55898
55892
55882
55882
55881
55871
55867
55863
55829
55816
55811
55808
55792
55770
55752
55735
55732
55726
55725
55722
55719
55695
55680
55660
55656
55646
55633
55626
55624
55619
55604
55601
55597
55545
55526
55515
55512
55488
55480
55466
55462
55459
55452
55443
55440
55433
55419
55417
55359
55351
55344
55330
55329
55328
55323
55314
55309
55292
55281
55280
55268
55235
55208
55207
55185
55185
55181
55178
55176
55164
55155
55153
55140
55127
55127
55115
55115
55108
55102
55102
55102
55091
55088
55084
55076
55070
55069
55063
55041
55040
55025
55010
54997
54996
54987
54982
54976
54973
54959
54946
54941
54931
54923
54921
54896
54889
54867
54865
54853
54818
54779
54756
54750
54749
54748
54748
54736
54730
54728
54715
54710
54683
54677
54666
54665
54662
54650
54641
54618
54609
54607
54575
54566
54564
54561
54553
54543
54542
54530
54513
54510
54510
54491
54476
54475
54473
54466
54461
54439
54438
54437
54431
54430
54424
54414
54414
54408
54404
54398
54390
54387
54379
54365
54342
54336
54335
54334
54330
54320
54311
54310
54299
54289
54285
54280
54272
54268
54245
54240
54239
54236
54232
54227
54211
54211
54189
54175
54163
54153
54149
54146
54135
54122
54098
54068
54067
54053
54046
54014
53998
53997
53952
53937
53936
53930
53924
53923
53917
53914
53898
53867
53866
53864
53848
53828
53809
53800
53784
53783
53782
53778
53760
53755
53721
53713
53713
53711
53710
53702
53666
53665
53644
53640
53634
53633
53624
53592
53592
53572
53568
53545
53539
53534
53525
53521
53520
53520
53503
53501
53492
53492
53487
53475
53469
53469
53460
53456
53451
53446
53444
53439
53431
53430
53423
53419
53400
53372
53358
53357
53357
53350
53349
53341
53325
53317
53315
53307
53305
53303
53283
53265
53250
53246
53239
53231
53216
53209
53187
53162
53161
53155
53140
53132
53126
53118
53117
53116
53103
53102
53092
53091
53086
53075
53070
53055
53043
53030
53027
52997
52966
52962
52953
52941
52935
52933
52927
52922
52910
52900
52890
52884
52852
52847
52845
52844
52819
52814
52812
52808
52796
52788
52775
52769
52764
52761
52759
52734
52715
52691
52684
52683
52668
52647
52645
52635
52633
52628
52619
52611
52606
52605
52602
52600
52597
52592
52592
52566
52561
52555
52539
52518
52505
52495
52491
52481
52480
52473
52456
52452
52448
52430
52428
52427
52420
52420
52419
52418
52417
52410
52398
52386
52385
52384
52374
52370
52367
52354
52338
52335
52317
52317
52316
52311
52302
52300
52284
52268
52263
52262
52260
52256
52251
52250
52244
52223
52217
52205
52191
52182
52182
52177
52171
52160
52155
52137
52131
52110
52100
52099
52089
52082
52079
52075
52071
52067
52057
52047
52032
52010
52002
52002
51994
51993
51989
51966
51953
51952
51936
51932
51932
51930
51928
51924
51922
51917
51904
51903
51874
51867
51851
51850
51847
51842
51821
51815
51809
51808
51798
51792
51792
51786
51777
51773
51762
51761
51753
51733
51728
51718
51717
51710
51684
51679
51673
51671
51664
51663
51662
51654
51649
51636
51633
51609
51607
51607
51605
51599
51598
51589
51587
51586
51580
51579
51576
51567
51563
51559
51558
51553
51543
51543
51542
51533
51525
51524
51517
51507
51492
51484
51475
51460
51451
51443
51442
51422
51419
51402
51401
51396
51369
51369
51361
51351
51336
51331
51331
51324
51322
51318
51317
51298
51289
51283
51280
51277
51270
51267
51265
51265
51246
51208
51207
51192
51190
51188
51187
51165
51165
51155
51151
51133
51115
51078
51078
51069
51068
51053
51051
51047
51039
51035
51032
51029
51021
51020
51005
51003
51001
50977
50970
50965
50962
50945
50942
50936
50933
50931
50926
50925
50905
50905
50896
50885
50875
50860
50859
50853
50846
50837
50834
50834
50831
50812
50802
50798
50796
50791
50790
50789
50786
50784
50782
50781
50776
50769
50766
50766
50766
50765
50763
50759
50703
50703
50676
50664
50651
50632
50617
50616
50616
50610
50604
50602
50602
50557
50552
50543
50534
50533
50532
50519
50505
50498
50495
50487
50484
50470
50469
50453
50441
50440
50400
50385
50374
50361
50331
50299
50286
50271
50270
50243
50237
50231
50227
50215
50209
50196
50191
50181
50171
50145
50139
50137
50122
50110
50097
50087
50077
50077
50076
50045
50041
50032
50017
50007
50000
49990
49985
49983
49982
49975
49968
49930
49916
49914
49907
49878
49876
49862
49857
49853
49840
49828
49824
49783
49778
49778
49765
49749
49743
49736
49722
49714
49704
49697
49695
49678
49675
49658
49649
49648
49644
49637
49626
49623
49622
49621
49620
49611
49599
49583
49581
49577
49577
49568
49561
49560
49552
49551
49546
49532
49531
49527
49523
49520
49497
49478
49468
49441
49437
49433
49430
49426
49422
49407
49401
49398
49393
49386
49386
49378
49375
49370
49358
49354
49341
49340
49333
49327
49292
49285
49277
49259
49231
49227
49211
49210
49207
49206
49197
49197
49189
49175
49173
49171
49168
49149
49145
49145
49139
49136
49125
49124
49121
49118
49099
49090
49073
49071
49062
49053
49046
49046
49045
49042
49029
49014
49011
49011
49009
49002
49002
49001
48984
48981
48972
48971
48952
48948
48945
48937
48927
48926
48906
48906
48900
48900
48899
48897
48872
48866
48841
48835
48824
48822
48822
48813
48790
48790
48788
48786
48783
48763
48760
48750
48743
48730
48725
48723
48721
48716
48712
48708
48701
48700
48690
48673
48655
48649
48637
48637
48628
48619
48608
48599
48598
48583
48581
48571
48560
48548
48548
48545
48543
48539
48523
48521
48518
48502
48502
48496
48487
48470
48463
48454
48448
48437
48427
48423
48423
48421
48413
48403
48392
48391
48381
48372
48364
48363
48362
48352
48348
48337
48334
48331
48328
48323
48321
48317
48314
48305
48298
48293
48281
48274
48260
48258
48219
48217
48209
48203
48198
48197
48196
48193
48185
48175
48157
48149
48110
48106
48102
48068
48068
48056
48052
48048
48046
48032
48023
48022
48016
48010
48006
47992
47989
47984
47981
47973
47961
47943
47937
47932
47928
47919
47911
47903
47903
47885
47872
47853
47846
47828
47820
47813
47800
47790
47781
47778
47777
47767
47761
47759
47759
47757
47740
47738
47719
47717
47716
47712
47705
47705
47697
47690
47686
47667
47667
47663
47660
47659
47659
47651
47647
47641
47639
47639
47637
47620
47619
47613
47612
47612
47602
47592
47577
47556
47553
47543
47540
47516
47515
47513
47486
47483
47464
47462
47451
47441
47440
47439
47436
47424
47419
47417
47415
47388
47387
47384
47373
47372
47351
47350
47339
47333
47324
47315
47307
47301
47301
47299
47299
47297
47287
47276
47274
47272
47253
47252
47242
47212
47205
47197
47191
47185
47184
47178
47178
47150
47130
47121
47121
47113
47110
47107
47102
47099
47089
47075
47070
47065
47035
47034
47026
47018
47015
47012
47004
47002
46991
46989
46969
46968
46958
46957
46953
46948
46939
46910
46882
46870
46865
46859
46848
46837
46824
46823
46811
46810
46807
46807
46802
46800
46794
46782
46778
46777
46772
46767
46760
46752
46752
46744
46724
46724
46703
46703
46690
46671
46666
46664
46660
46654
46640
46633
46632
46618
46618
46596
46582
46573
46558
46556
46547
46546
46524
46519
46518
46517
46514
46501
46497
46492
46467
46454
46453
46430
46426
46422
46418
46417
46388
46377
46365
46365
46355
46352
46349
46333
46332
46316
46307
46278
46266
46266
46263
46263
46257
46251
46240
46235
46229
46220
46217
46199
46198
46192
46188
46179
46175
46159
46155
46141
46141
46139
46133
46133
46124
46121
46119
46118
46116
46114
46108
46101
46097
46095
46075
46073
46053
46042
46035
46026
46013
46004
46003
46002
45994
45992
45978
45977
45969
45963
45954
45953
45946
45942
45939
45931
45927
45920
45918
45918
45917
45906
45906
45904
45895
45891
45888
45886
45879
45862
45860
45854
45854
45837
45831
45830
45829
45828
45825
45812
45803
45796
45785
45781
45780
45779
45774
45772
45724
45714
45696
45692
45690
45687
45665
45664
45659
45646
45633
45629
45628
45628
45613
45610
45603
45585
45584
45583
45581
45576
45574
45574
45562
45552
45548
45545
45538
45536
45521
45519
45518
45517
45505
45498
45478
45473
45464
45459
45447
45439
45437
45434
45431
45426
45425
45424
45420
45418
45404
45370
45361
45344
45336
45322
45313
45309
45308
45295
45289
45276
45273
45264
45245
45245
45237
45236
45229
45227
45225
45188
45183
45182
45182
45177
45174
45157
45150
45146
45141
45141
45137
45120
45111
45094
45086
45084
45069
45056
45049
45042
45035
45033
45028
45018
45018
45015
45014
45010
44999
44995
44988
44985
44982
44973
44953
44949
44925
44911
44910
44909
44902
44900
44899
44897
44872
44857
44852
44849
44828
44826
44812
44811
44808
44808
44801
44800
44793
44792
44790
44785
44774
44740
44730
44701
44693
44688
44676
44671
44670
44662
44653
44644
44637
44627
44617
44615
44613
44613
44600
44600
44562
44560
44558
44556
44550
44542
44526
44523
44520
44504
44498
44495
44492
44490
44472
44469
44460
44449
44439
44430
44410
44409
44403
44403
44396
44365
44360
44356
44349
44345
44336
44332
44332
44329
44310
44306
44298
44283
44279
44279
44273
44266
44249
44235
44229
44226
44223
44220
44214
44198
44195
44190
44190
44187
44183
44180
44174
44159
44157
44155
44153
44140
44132
44116
44112
44100
44099
44098
44089
44085
44083
44079
44078
44069
44064
44038
44026
44004
43997
43993
43975
43969
43962
43960
43945
43936
43936
43930
43930
43894
43891
43884
43881
43879
43867
43864
43862
43861
43860
43856
43856
43848
43844
43824
43818
43811
43809
43777
43774
43767
43767
43764
43759
43756
43754
43753
43747
43725
43709
43658
43648
43644
43636
43624
43619
43619
43612
43608
43603
43602
43586
43581
43573
43568
43549
43524
43521
43520
43498
43496
43489
43478
43472
43471
43469
43468
43453
43426
43426
43420
43420
43410
43408
43406
43403
43391
43387
43378
43375
43364
43357
43356
43346
43334
43327
43310
43306
43281
43280
43271
43265
43257
43231
43221
43219
43218
43194
43184
43166
43150
43149
43149
43147
43121
43081
43079
43062
43059
43052
43040
43040
43008
42977
42970
42960
42941
42941
42937
42933
42919
42916
42913
42881
42877
42866
42861
42844
42841
42837
42833
42828
42816
42800
42800
42790
42786
42767
42766
42755
42748
42747
42741
42733
42732
42731
42728
42715
42706
42676
42675
42660
42649
42641
42621
42621
42619
42617
42609
42606
42584
42582
42557
42546
42538
42532
42528
42525
42519
42517
42508
42508
42507
42501
42500
42493
42486
42486
42476
42472
42466
42462
42462
42440
42427
42424
42416
42408
42408
42403
42397
42396
42381
42377
42366
42336
42334
42325
42321
42311
42309
42301
42291
42283
42280
42280
42277
42259
42253
42247
42241
42236
42234
42230
42224
42221
42213
42210
42192
42186
42152
42149
42149
42147
42146
42137
42137
42136
42134
42125
42120
42120
42119
42115
42115
42107
42105
42099
42098
42096
42092
42061
42060
42053
42050
42042
42039
42027
42024
42016
42007
42006
41991
41984
41964
41959
41940
41934
41930
41915
41913
41903
41898
41898
41895
41891
41879
41877
41861
41857
41854
41847
41845
41836
41835
41833
41829
41827
41820
41817
41809
41795
41795
41792
41789
41789
41778
41773
41771
41765
41746
41744
41744
41737
41734
41731
41706
41691
41681
41678
41675
41674
41646
41641
41637
41635
41623
41612
41601
41589
41576
41561
41548
41536
41536
41510
41497
41488
41487
41475
41459
41454
41449
41442
41441
41425
41425
41421
41419
41419
41416
41408
41406
41403
41402
41401
41386
41379
41370
41369
41335
41326
41325
41317
41317
41315
41301
41296
41295
41294
41293
41279
41269
41268
41261
41247
41243
41232
41215
41212
41212
41210
41199
41173
41172
41159
41152
41152
41141
41139
41131
41130
41130
41122
41117
41109
41107
41093
41088
41075
41075
41068
41067
41063
41063
41062
41059
41057
41057
41045
41039
41033
41027
41024
41022
41002
41001
40995
40986
40980
40979
40969
40963
40952
40945
40940
40937
40922
40917
40911
40908
40900
40885
40885
40883
40876
40872
40862
40859
40834
40828
40827
40826
40816
40811
40810
40782
40770
40769
40766
40760
40752
40746
40744
40732
40725
40717
40694
40685
40677
40673
40653
40650
40645
40643
40640
40640
40639
40636
40631
40627
40618
40608
40608
40585
40570
40570
40569
40561
40531
40527
40523
40522
40522
40516
40507
40474
40469
40465
40464
40464
40459
40436
40435
40433
40428
40427
40425
40402
40394
40387
40383
40368
40359
40358
40356
40347
40315
40310
40308
40307
40306
40299
40292
40291
40278
40269
40268
40266
40261
40260
40259
40244
40241
40241
40234
40226
40221
40204
40203
40177
40175
40174
40167
40160
40155
40151
40150
40149
40144
40134
40124
40101
40101
40092
40084
40082
40061
40057
40049
40043
40011
40001
39999
39998
39990
39989
39987
39969
39966
39952
39949
39945
39945
39944
39941
39937
39927
39925
39918
39917
39916
39895
39890
39883
39881
39875
39863
39852
39849
39843
39838
39836
39827
39816
39809
39798
39795
39770
39769
39759
39757
39744
39743
39738
39733
39730
39717
39700
39686
39675
39665
39635
39631
39630
39625
39622
39617
39606
39597
39587
39583
39582
39578
39571
39567
39553
39546
39537
39519
39515
39505
39488
39488
39486
39484
39473
39472
39466
39448
39446
39443
39436
39435
39434
39430
39430
39421
39412
39406
39405
39403
39380
39369
39356
39352
39346
39341
39312
39300
39291
39277
39272
39267
39258
39254
39219
39206
39200
39196
39190
39190
39178
39172
39164
39162
39162
39154
39153
39140
39138
39136
39129
39127
39125
39122
39118
39115
39113
39111
39105
39093
39086
39077
39068
39054
39049
39041
39040
39004
39003
39001
38989
38979
38972
38970
38951
38949
38919
38896
38895
38895
38886
38885
38846
38838
38835
38833
38830
38824
38816
38812
38799
38792
38745
38737
38726
38718
38713
38712
38711
38691
38691
38684
38682
38671
38663
38660
38655
38652
38649
38648
38623
38618
38611
38598
38571
38568
38547
38547
38545
38543
38533
38528
38486
38482
38478
38464
38455
38445
38443
38439
38438
38435
38433
38425
38405
38392
38391
38374
38348
38348
38348
38346
38335
38330
38320
38317
38309
38306
38272
38263
38256
38250
38248
38246
38241
38237
38224
38215
38205
38202
38201
38195
38191
38190
38188
38182
38164
38156
38150
38141
38127
38126
38125
38124
38106
38104
38101
38088
38085
38083
38079
38076
38074
38074
38070
38046
38041
38040
38039
38030
38022
38020
38017
38001
38000
37991
37990
37990
37988
37980
37973
37957
37954
37947
37938
37933
37922
37914
37910
37900
37888
37882
37881
37878
37875
37864
37852
37850
37836
37826
37825
37810
37804
37803
37772
37759
37747
37739
37735
37716
37715
37711
37709
37695
37691
37683
37672
37662
37656
37655
37650
37646
37644
37643
37638
37638
37616
37580
37553
37536
37531
37528
37527
37523
37519
37508
37506
37506
37505
37495
37495
37489
37487
37484
37482
37467
37463
37450
37442
37440
37436
37431
37416
37403
37359
37359
37358
37354
37350
37347
37328
37320
37306
37300
37298
37297
37276
37274
37271
37268
37259
37259
37243
37232
37231
37195
37193
37182
37181
37172
37161
37160
37137
37136
37126
37125
37124
37108
37105
37102
37100
37093
37075
37063
37059
37046
37043
37037
37031
37031
37004
36996
36986
36974
36965
36959
36929
36920
36907
36905
36902
36896
36890
36885
36855
36824
36823
36807
36796
36791
36783
36781
36778
36773
36745
36743
36741
36741
36739
36729
36724
36716
36710
36707
36699
36696
36691
36684
36664
36661
36658
36655
36648
36641
36623
36621
36619
36613
36604
36594
36592
36586
36585
36582
36580
36568
36549
36548
36542
36530
36514
36504
36493
36484
36483
36482
36476
36472
36461
36420
36406
36405
36403
36396
36390
36389
36377
36373
36360
36349
36349
36345
36337
36327
36316
36315
36311
36307
36305
36286
36284
36267
36259
36249
36249
36243
36241
36227
36222
36219
36206
36196
36174
36150
36148
36147
36139
36138
36135
36130
36129
36128
36125
36088
36084
36064
36058
36049
36042
36040
36040
36036
36031
36021
36020
36011
35998
35998
35997
35994
35979
35947
35946
35938
35936
35931
35922
35920
35910
35906
35897
35891
35871
35867
35853
35849
35845
35842
35812
35812
35811
35806
35798
35793
35784
35748
35745
35715
35692
35692
35685
35685
35678
35677
35666
35655
35618
35597
35596
35589
35577
35574
35573
35569
35551
35549
35545
35540
35529
35522
35476
35468
35462
35449
35433
35422
35420
35419
35404
35402
35393
35388
35386
35359
35357
35344
35327
35322
35318
35311
35307
35298
35288
35268
35264
35262
35259
35249
35240
35237
35214
35211
35142
35137
35135
35134
35133
35131
35127
35125
35123
35118
35115
35102
35089
35087
35077
35069
35063
35056
35041
35040
35036
35028
35014
35013
35008
35004
34991
34987
34983
34979
34968
34966
34956
34955
34953
34934
34934
34933
34930
34929
34916
34908
34904
34897
34866
34855
34855
34851
34848
34845
34841
34839
34831
34830
34810
34799
34798
34792
34765
34755
34750
34749
34738
34730
34730
34725
34718
34714
34705
34688
34680
34673
34670
34667
34656
34648
34636
34634
34624
34616
34612
34611
34609
34596
34585
34583
34580
34579
34568
34555
34554
34542
34513
34498
34479
34478
34477
34464
34454
34443
34437
34435
34432
34425
34418
34412
34409
34408
34399
34397
34396
34382
34382
34380
34378
34360
34352
34350
34350
34347
34337
34325
34323
34321
34314
34313
34309
34296
34287
34278
34273
34261
34253
34253
34252
34238
34227
34218
34213
34212
34195
34194
34193
34188
34177
34177
34150
34146
34140
34140
34135
34133
34120
34115
34114
34093
34089
34076
34068
34062
34054
34043
34033
34031
34030
34023
34023
34008
33997
33986
33980
33979
33971
33968
33958
33952
33951
33949
33943
33941
33941
33935
33934
33931
33928
33924
33920
33908
33901
33897
33895
33892
33883
33864
33830
33828
33824
33819
33817
33815
33812
33812
33797
33784
33770
33769
33767
33756
33753
33733
33712
33706
33691
33691
33683
33655
33645
33637
33630
33617
33611
33600
33595
33578
33575
33561
33560
33558
33558
33546
33542
33500
33491
33483
33479
33478
33471
33456
33445
33444
33442
33439
33433
33409
33404
33387
33374
33365
33357
33352
33352
33347
33335
33304
33304
33300
33300
33295
33290
33277
33271
33264
33261
33259
33253
33242
33224
33217
33213
33207
33198
33198
33197
33195
33185
33181
33144
33132
33128
33125
33125
33124
33081
33080
33076
33073
33064
33050
33035
33020
33013
33006
33000
32995
32981
32975
32959
32957
32952
32951
32948
32942
32937
32931
32925
32923
32920
32920
32900
32890
32886
32883
32875
32863
32848
32846
32841
32835
32830
32828
32819
32807
32797
32797
32776
32772
32772
32764
32758
32757
32754
32749
32748
32743
32742
32736
32725
32723
32721
32720
32715
32712
32699
32692
32676
32675
32663
32662
32648
32644
32629
32623
32601
32595
32580
32576
32570
32568
32555
32541
32519
32509
32504
32497
32492
32492
32477
32474
32462
32458
32435
32425
32421
32413
32403
32392
32374
32369
32362
32362
32344
32331
32314
32310
32292
32292
32289
32288
32264
32261
32258
32252
32245
32245
32233
32230
32228
32225
32210
32206
32199
32196
32176
32170
32164
32156
32153
32152
32151
32150
32145
32126
32119
32103
32093
32072
32068
32050
32050
32048
32047
32040
32040
32023
32019
32007
31994
31993
31978
31970
31961
31957
31947
31943
31935
31920
31912
31902
31893
31888
31885
31878
31865
31863
31857
31854
31848
31848
31830
31822
31815
31814
31811
31777
31725
31725
31708
31690
31681
31668
31665
31644
31641
31630
31617
31611
31611
31610
31603
31598
31586
31578
31573
31573
31572
31563
31547
31547
31543
31533
31526
31515
31503
31501
31500
31499
31484
31462
31459
31458
31446
31439
31436
31422
31412
31402
31400
31391
31390
31380
31376
31368
31321
31313
31289
31288
31259
31252
31246
31239
31236
31219
31208
31198
31189
31164
31138
31135
31130
31112
31106
31098
31055
31046
31044
31006
30986
30953
30953
30945
30943
30925
30921
30904
30895
30884
30873
30859
30852
30839
30834
30820
30818
30814
30792
30787
30772
30767
30765
30758
30749
30743
30743
30727
30713
30686
30682
30680
30670
30668
30656
30654
30649
30647
30634
30624
30622
30611
30605
30605
30604
30602
30573
30563
30560
30537
30528
30520
30519
30511
30494
30493
30493
30482
30468
30446
30443
30442
30438
30436
30432
30430
30417
30380
30376
30375
30367
30356
30350
30318
30286
30285
30267
30258
30247
30246
30235
30226
30225
30220
30213
30202
30202
30189
30189
30182
30178
30172
30165
30158
30149
30145
30144
30142
30141
30126
30087
30082
30072
30070
30055
30055
30050
30034
30004
29994
29986
29984
29977
29972
29969
29964
29962
29960
29952
29947
29938
29937
29930
29914
29909
29909
29881
29879
29862
29859
29853
29852
29848
29836
29835
29826
29824
29811
29808
29800
29797
29791
29783
29781
29765
29759
29758
29710
29706
29690
29680
29679
29677
29673
29672
29663
29656
29649
29648
29636
29635
29632
29617
29603
29578
29568
29558
29555
29553
29553
29548
29545
29543
29525
29515
29505
29500
29499
29487
29485
29485
29458
29450
29426
29411
29403
29403
29397
29371
29367
29358
29346
29340
29338
29319
29317
29316
29296
29291
29279
29273
29252
29252
29231
29229
29226
29218
29215
29207
29193
29186
29182
29180
29167
29165
29165
29164
29160
29160
29150
29147
29146
29144
29142
29128
29122
29111
29109
29108
29107
29106
29091
29091
29084
29079
29059
29049
29023
29018
28951
28932
28928
28923
28920
28900
28879
28878
28874
28867
28860
28847
28846
28846
28845
28844
28819
28819
28801
28785
28783
28780
28776
28774
28773
28772
28763
28757
28757
28755
28748
28739
28731
28723
28717
28711
28705
28698
28675
28674
28674
28658
28638
28628
28627
28602
28589
28576
28576
28572
28561
28556
28554
28550
28529
28528
28523
28521
28515
28510
28504
28501
28498
28487
28471
28466
28458
28456
28438
28436
28434
28427
28423
28419
28402
28401
28391
28385
28370
28354
28347
28346
28331
28321
28316
28312
28310
28305
28302
28301
28296
28292
28274
28272
28271
28252
28243
28238
28230
28225
28197
28193
28192
28187
28171
28169
28165
28161
28159
28145
28138
28113
28112
28110
28109
28092
28070
28045
28044
28042
28024
28020
28007
28005
28004
28002
27996
27989
27989
27989
27985
27982
27970
27968
27952
27930
27927
27914
27912
27912
27912
27903
27898
27896
27887
27879
27874
27865
27862
27862
27849
27849
27845
27842
27838
27835
27834
27834
27829
27823
27822
27818
27817
27810
27807
27797
27791
27789
27787
27786
27778
27777
27774
27755
27738
27734
27719
27717
27713
27706
27700
27696
27694
27689
27688
27681
27671
27666
27663
27663
27642
27626
27607
27606
27560
27553
27551
27543
27530
27515
27505
27501
27497
27496
27494
27486
27485
27471
27469
27462
27461
27459
27447
27446
27423
27416
27399
27396
27385
27368
27367
27366
27359
27328
27314
27310
27308
27304
27302
27278
27269
27268
27266
27256
27236
27221
27215
27208
27207
27191
27176
27175
27174
27155
27142
27133
27132
27104
27103
27094
27092
27092
27087
27084
27065
27055
27043
27027
27020
26973
26967
26965
26965
26956
26954
26942
26936
26922
26921
26903
26882
26868
26849
26844
26841
26835
26814
26811
26809
26809
26804
26803
26801
26796
26793
26789
26787
26767
26760
26755
26754
26752
26749
26742
26734
26716
26707
26697
26694
26677
26676
26658
26652
26651
26646
26646
26617
26607
26597
26591
26581
26573
26546
26545
26542
26532
26518
26498
26488
26484
26478
26478
26429
26426
26419
26417
26414
26412
26406
26394
26392
26386
26384
26378
26364
26359
26345
26342
26334
26332
26327
26317
26314
26306
26305
26300
26279
26276
26255
26245
26241
26231
26231
26230
26217
26214
26208
26207
26203
26179
26168
26162
26158
26158
26157
26156
26146
26145
26144
26143
26128
26128
26127
26121
26103
26089
26088
26086
26079
26070
26067
26027
26024
26023
26010
26005
25996
25990
25987
25983
25976
25956
25955
25946
25944
25931
25919
25919
25918
25916
25912
25909
25907
25871
25861
25858
25850
25845
25844
25837
25824
25806
25795
25791
25791
25790
25784
25780
25779
25754
25749
25744
25724
25713
25712
25710
25699
25694
25686
25684
25673
25667
25666
25660
25658
25654
25651
25642
25641
25635
25633
25632
25618
25617
25615
25609
25579
25570
25569
25567
25545
25543
25525
25522
25522
25516
25513
25496
25495
25490
25489
25488
25487
25472
25470
25448
25436
25435
25434
25425
25415
25413
25412
25409
25398
25396
25377
25353
25339
25336
25336
25333
25330
25327
25327
25322
25300
25280
25279
25267
25256
25250
25247
25231
25230
25228
25227
25212
25209
25197
25187
25180
25180
25156
25122
25119
25106
25106
25103
25100
25094
25093
25092
25091
25079
25077
25074
25073
25063
25058
25058
25053
25045
25038
25017
25012
25010
25006
25006
24998
24990
24986
24977
24950
24948
24945
24933
24931
24924
24912
24911
24908
24903
24885
24882
24882
24880
24868
24838
24831
24824
24804
24802
24799
24796
24791
24779
24773
24769
24766
24763
24750
24744
24742
24738
24735
24733
24725
24722
24706
24705
24697
24690
24682
24677
24676
24675
24656
24653
24627
24615
24607
24607
24586
24578
24572
24568
24561
24552
24543
24534
24528
24513
24502
24480
24471
24469
24467
24464
24448
24438
24426
24419
24416
24414
24413
24413
24409
24408
24391
24391
24385
24367
24360
24358
24345
24333
24329
24306
24295
24288
24273
24249
24237
24224
24195
24180
24141
24136
24135
24117
24115
24100
24093
24091
24082
24070
24051
24045
24040
24029
24027
24024
24017
24007
23977
23968
23964
23960
23951
23950
23922
23916
23910
23908
23901
23897
23881
23875
23870
23857
23856
23850
23849
23843
23820
23817
23815
23812
23808
23807
23798
23798
23794
23790
23785
23777
23775
23759
23754
23750
23745
23735
23729
23725
23724
23724
23721
23713
23706
23698
23681
23676
23675
23672
23656
23655
23645
23644
23627
23614
23606
23595
23590
23578
23570
23564
23558
23544
23540
23524
23522
23522
23514
23507
23503
23501
23497
23491
23488
23479
23469
23462
23455
23455
23439
23433
23431
23430
23418
23412
23408
23379
23375
23365
23347
23338
23330
23328
23319
23292
23283
23276
23258
23258
23247
23226
23212
23195
23187
23176
23162
23157
23157
23152
23151
23138
23137
23134
23129
23113
23110
23105
23104
23104
23102
23099
23083
23071
23066
23064
23053
23048
23045
23040
23036
23036
23028
23013
22992
22980
22978
22956
22946
22936
22913
22913
22898
22895
22889
22884
22878
22854
22848
22848
22844
22819
22808
22787
22771
22769
22746
22741
22736
22727
22726
22693
22689
22682
22675
22648
22636
22633
22611
22608
22597
22591
22590
22585
22560
22559
22559
22548
22545
22533
22527
22522
22515
22488
22487
22485
22472
22459
22456
22452
22448
22446
22435
22434
22433
22429
22425
22424
22424
22419
22407
22398
22395
22362
22356
22350
22336
22331
22330
22327
22312
22300
22295
22278
22276
22275
22275
22253
22247
22230
22224
22223
22223
22208
22198
22192
22182
22177
22155
22140
22140
22121
22111
22097
22091
22053
22050
22046
22039
22037
22026
21999
21989
21988
21975
21969
21966
21964
21950
21941
21937
21937
21914
21912
21910
21909
21902
21895
21888
21872
21858
21857
21853
21848
21845
21838
21836
21813
21803
21795
21787
21784
21778
21763
21755
21750
21722
21701
21700
21695
21665
21655
21650
21645
21642
21639
21605
21603
21603
21601
21599
21595
21592
21587
21581
21568
21544
21536
21522
21510
21500
21497
21494
21486
21478
21464
21456
21455
21444
21440
21440
21435
21430
21409
21407
21407
21405
21401
21399
21397
21372
21370
21370
21369
21366
21363
21354
21340
21333
21328
21323
21316
21313
21295
21283
21280
21278
21256
21239
21236
21232
21220
21217
21217
21215
21202
21191
21188
21180
21171
21170
21155
21154
21148
21145
21130
21093
21090
21086
21081
21080
21077
21074
21071
21038
21016
20987
20984
20982
20961
20950
20946
20942
20941
20941
20938
20912
20892
20883
20880
20876
20849
20848
20840
20835
20807
20804
20792
20773
20755
20751
20748
20746
20743
20739
20735
20734
20734
20725
20713
20706
20706
20705
20703
20702
20699
20690
20679
20659
20642
20638
20635
20597
20592
20589
20578
20576
20575
20567
20561
20557
20556
20554
20528
20525
20512
20508
20505
20502
20498
20491
20487
20472
20452
20434
20431
20427
20416
20415
20395
20371
20366
20360
20356
20352
20344
20310
20297
20297
20275
20273
20272
20272
20226
20224
20223
20220
20215
20196
20183
20164
20160
20160
20158
20158
20156
20136
20120
20119
20109
20088
20073
20065
20065
20056
20020
20016
20004
19998
19981
19968
19960
19932
19917
19894
19892
19886
19882
19873
19829
19827
19817
19809
19809
19808
19803
19800
19799
19790
19762
19755
19754
19730
19723
19718
19708
19684
19680
19678
19672
19672
19643
19641
19630
19619
19619
19618
19597
19591
19566
19561
19560
19547
19546
19540
19536
19527
19514
19500
19482
19480
19469
19465
19456
19446
19442
19436
19430
19428
19402
19401
19400
19400
19399
19393
19374
19362
19352
19350
19348
19345
19343
19337
19334
19330
19325
19319
19318
19304
19291
19288
19286
19280
19270
19270
19269
19256
19248
19247
19247
19241
19237
19224
19224
19220
19211
19207
19195
19188
19176
19174
19166
19163
19154
19146
19129
19123
19121
19110
19102
19098
19097
19060
19054
19053
19053
19052
19042
19013
18996
18981
18981
18971
18967
18963
18961
18945
18944
18941
18934
18926
18925
18919
18889
18877
18858
18856
18854
18848
18830
18808
18807
18803
18803
18798
18789
18783
18780
18761
18760
18758
18750
18748
18746
18744
18737
18736
18728
18698
18694
18693
18681
18680
18678
18670
18669
18666
18663
18659
18658
18655
18655
18653
18635
18618
18615
18607
18603
18601
18601
18598
18585
18584
18576
18573
18569
18563
18554
18548
18542
18542
18540
18539
18506
18501
18490
18481
18478
18467
18449
18430
18425
18413
18412
18405
18401
18399
18391
18371
18371
18368
18362
18352
18330
18315
18315
18314
18309
18305
18299
18294
18287
18270
18250
18247
18247
18236
18225
18221
18218
18210
18196
18188
18180
18178
18161
18138
18134
18118
18113
18100
18074
18062
18058
18056
18055
18034
18027
18026
18010
18006
18006
18003
18000
17997
17974
17959
17956
17938
17931
17921
17920
17918
17905
17904
17888
17877
17869
17865
17858
17857
17847
17826
17822
17816
17811
17791
17787
17783
17778
17766
17763
17759
17744
17738
17734
17717
17712
17702
17699
17696
17695
17690
17665
17659
17645
17609
17602
17583
17568
17567
17560
17540
17530
17525
17525
17522
17513
17513
17506
17505
17497
17464
17451
17437
17436
17431
17428
17414
17411
17389
17386
17379
17378
17374
17370
17361
17351
17345
17336
17332
17320
17318
17303
17300
17292
17290
17288
17268
17254
17249
17247
17245
17244
17220
17215
17212
17194
17192
17192
17188
17179
17179
17164
17140
17121
17121
17107
17098
17087
17086
17073
17067
17058
17057
17057
17056
17053
17049
17034
17009
17002
16997
16987
16986
16976
16976
16967
16967
16967
16963
16958
16957
16951
16934
16932
16928
16924
16919
16896
16892
16888
16881
16880
16880
16869
16839
16831
16826
16821
16818
16812
16800
16799
16797
16795
16792
16774
16772
16768
16762
16755
16726
16708
16702
16698
16687
16681
16680
16678
16676
16671
16671
16667
16660
16648
16632
16585
16583
16582
16574
16574
16571
16566
16554
16544
16538
16524
16521
16517
16508
16484
16483
16477
16475
16475
16469
16454
16448
16443
16432
16428
16419
16416
16411
16410
16410
16388
16385
16365
16353
16353
16346
16335
16329
16328
16315
16297
16297
16297
16292
16265
16259
16254
16231
16225
16212
16212
16209
16208
16188
16174
16171
16165
16153
16149
16146
16146
16138
16133
16117
16109
16091
16080
16072
16065
16060
16047
16046
16041
16041
16033
16033
16031
16028
16010
16006
16004
16003
15996
15981
15979
15978
15973
15972
15972
15968
15947
15919
15910
15895
15892
15888
15882
15858
15858
15856
15843
15824
15815
15810
15796
15792
15787
15779
15778
15771
15771
15754
15754
15753
15751
15743
15738
15736
15736
15729
15721
15706
15697
15685
15675
15663
15663
15657
15656
15654
15650
15627
15609
15608
15606
15597
15597
15579
15578
15548
15530
15520
15512
15511
15506
15504
15499
15475
15473
15473
15464
15462
15456
15446
15436
15414
15405
15403
15393
15386
15366
15362
15360
15360
15359
15357
15354
15350
15338
15336
15327
15320
15307
15293
15293
15290
15284
15280
15279
15276
15271
15254
15234
15231
15228
15223
15222
15216
15208
15204
15203
15200
15192
15191
15182
15164
15160
15158
15151
15137
15136
15136
15122
15118
15115
15112
15111
15105
15104
15091
15064
15056
15056
15047
15047
15041
15028
15026
15023
15023
14994
14977
14974
14973
14958
14956
14955
14953
14945
14943
14930
14926
14924
14920
14916
14888
14885
14884
14883
14851
14850
14835
14833
14823
14821
14816
14815
14805
14803
14799
14783
14781
14778
14777
14772
14770
14764
14760
14749
14735
14716
14699
14699
14696
14688
14684
14682
14679
14666
14663
14662
14653
14644
14641
14635
14614
14606
14604
14602
14598
14584
14577
14569
14569
14559
14557
14556
14512
14508
14502
14490
14485
14484
14467
14462
14461
14460
14457
14453
14451
14444
14428
14424
14424
14422
14415
14395
14395
14387
14384
14384
14381
14374
14360
14360
14345
14342
14340
14338
14334
14313
14309
14295
14294
14292
14289
14280
14269
14248
14246
14245
14241
14232
14228
14215
14206
14177
14163
14159
14155
14153
14144
14140
14128
14122
14076
14067
14059
14059
14057
14049
14039
14034
14029
14019
14005
14003
13999
13978
13965
13952
13951
13947
13944
13938
13934
13920
13917
13914
13910
13908
13906
13890
13889
13876
13871
13863
13803
13802
13799
13785
13771
13768
13765
13763
13748
13728
13724
13716
13698
13681
13660
13659
13650
13649
13648
13646
13640
13639
13623
13621
13618
13614
13608
13596
13577
13567
13555
13553
13544
13533
13528
13526
13519
13514
13492
13488
13446
13441
13437
13431
13424
13423
13423
13420
13398
13395
13395
13386
13385
13383
13375
13374
13371
13351
13350
13305
13295
13294
13292
13273
13273
13263
13257
13252
13232
13224
13209
13201
13191
13178
13172
13172
13164
13160
13157
13141
13138
13133
13131
13124
13115
13105
13104
13103
13100
13067
13063
13046
13034
13015
13012
13012
13007
13007
13003
13003
12994
12971
12968
12967
12954
12934
12926
12924
12924
12913
12907
12884
12880
12854
12835
12823
12811
12808
12805
12796
12785
12773
12759
12753
12753
12751
12746
12743
12741
12734
12722
12720
12719
12719
12711
12663
12652
12651
12641
12640
12629
12628
12624
12618
12609
12601
12597
12595
12590
12589
12569
12555
12550
12540
12539
12533
12528
12518
12505
12494
12480
12462
12460
12447
12445
12444
12442
12436
12434
12419
12412
12396
12388
12388
12387
12384
12382
12349
12347
12346
12337
12333
12331
12311
12309
12284
12279
12262
12248
12245
12242
12221
12213
12201
12198
12196
12185
12183
12183
12182
12181
12173
12159
12155
12132
12121
12115
12109
12104
12104
12094
12089
12086
12077
12075
12074
12048
12027
12025
12025
12023
12017
12013
12005
11992
11991
11978
11974
11969
11959
11959
11943
11937
11936
11933
11928
11914
11902
11900
11886
11885
11882
11849
11846
11845
11843
11839
11829
11818
11815
11812
11807
11796
11790
11785
11777
11772
11768
11766
11763
11762
11744
11741
11737
11730
11724
11703
11702
11696
11695
11693
11684
11661
11638
11635
11629
11619
11617
11611
11603
11599
11594
11592
11587
11573
11549
11539
11537
11534
11533
11528
11526
11518
11508
11506
11505
11499
11491
11485
11482
11476
11471
11467
11459
11456
11444
11433
11433
11421
11418
11408
11397
11377
11365
11334
11332
11295
11277
11275
11274
11257
11245
11245
11241
11230
11226
11198
11196
11194
11178
11177
11175
11175
11174
11162
11156
11153
11138
11123
11121
11106
11105
11101
11100
11095
11090
11086
11082
11075
11064
11055
11052
11049
11027
11018
10999
10995
10993
10989
10987
10980
10978
10975
10973
10966
10964
10959
10952
10947
10939
10928
10925
10924
10924
10923
10920
10882
10879
10860
10849
10845
10844
10844
10842
10837
10830
10823
10822
10803
10794
10794
10789
10787
10779
10774
10769
10767
10760
10759
10758
10757
10747
10743
10728
10724
10722
10718
10715
10700
10693
10676
10664
10664
10664
10645
10642
10639
10613
10613
10612
10581
10573
10552
10534
10532
10522
10521
10508
10495
10492
10489
10484
10484
10479
10457
10452
10449
10445
10429
10419
10415
10407
10406
10392
10380
10359
10359
10349
10339
10336
10335
10332
10329
10327
10325
10319
10314
10303
10296
10296
10294
10291
10288
10288
10287
10274
10273
10271
10271
10262
10243
10235
10196
10187
10183
10177
10174
10169
10161
10161
10159
10145
10140
10126
10118
10086
10079
10054
10051
10036
10034
10028
10025
10007
9986
9980
9969
9967
9958
9956
9954
9946
9939
9931
9925
9917
9910
9905
9889
9884
9876
9867
9865
9861
9845
9835
9831
9812
9804
9802
9799
9796
9792
9786
9786
9777
9773
9772
9767
9750
9743
9739
9734
9726
9717
9711
9689
9679
9678
9678
9664
9661
9652
9652
9650
9646
9638
9636
9626
9625
9620
9596
9592
9576
9562
9561
9559
9548
9538
9527
9505
9495
9489
9481
9479
9477
9463
9458
9453
9445
9441
9441
9441
9441
9413
9399
9377
9359
9357
9349
9343
9333
9332
9328
9326
9319
9318
9310
9286
9264
9264
9254
9249
9240
9223
9203
9173
9169
9149
9145
9141
9140
9138
9137
9135
9129
9110
9105
9094
9093
9091
9082
9080
9073
9062
9055
9040
9010
9008
8988
8985
8985
8968
8958
8954
8951
8949
8947
8932
8926
8910
8903
8882
8874
8858
8834
8830
8822
8806
8798
8789
8775
8767
8765
8750
8744
8741
8738
8735
8731
8718
8695
8679
8674
8669
8664
8661
8656
8652
8619
8617
8607
8605
8603
8597
8585
8581
8566
8556
8541
8532
8529
8526
8518
8518
8503
8498
8484
8484
8467
8457
8456
8452
8452
8438
8427
8426
8419
8405
8399
8393
8390
8372
8369
8364
8349
8345
8339
8335
8333
8333
8316
8310
8309
8297
8292
8277
8267
8266
8261
8260
8252
8251
8237
8215
8215
8200
8197
8194
8190
8188
8177
8174
8168
8163
8161
8157
8155
8150
8144
8143
8140
8133
8130
8090
8089
8069
8061
8053
8046
8031
8029
8021
8018
8012
8005
7998
7990
7978
7975
7973
7966
7964
7940
7938
7929
7927
7925
7915
7914
7911
7908
7904
7902
7901
7898
7883
7875
7855
7854
7849
7834
7824
7824
7813
7807
7805
7801
7798
7780
7747
7740
7731
7731
7705
7700
7676
7659
7657
7632
7632
7628
7588
7585
7579
7575
7574
7560
7547
7539
7536
7535
7526
7526
7525
7504
7499
7496
7495
7494
7479
7476
7463
7450
7445
7445
7435
7428
7426
7424
7404
7397
7395
7394
7383
7381
7376
7373
7372
7349
7328
7326
7312
7310
7291
7289
7276
7270
7265
7262
7258
7253
7243
7242
7240
7207
7204
7202
7186
7162
7152
7151
7148
7142
7139
7131
7122
7121
7119
7112
7108
7076
7035
7029
7024
7005
6989
6974
6956
6955
6954
6920
6918
6918
6917
6882
6877
6852
6849
6832
6818
6801
6792
6782
6779
6779
6778
6778
6775
6768
6765
6761
6743
6696
6695
6689
6672
6657
6639
6622
6612
6608
6594
6590
6570
6569
6568
6560
6559
6558
6552
6548
6540
6535
6534
6517
6512
6511
6508
6499
6498
6497
6497
6478
6475
6462
6457
6448
6437
6435
6424
6424
6393
6357
6339
6327
6322
6321
6321
6311
6309
6295
6244
6243
6221
6213
6202
6199
6195
6169
6166
6158
6155
6150
6147
6145
6144
6137
6116
6099
6094
6085
6080
6076
6055
6046
6043
6033
6004
6003
6001
5997
5996
5991
5975
5973
5953
5944
5937
5936
5925
5918
5914
5904
5903
5903
5884
5877
5877
5877
5876
5870
5866
5860
5857
5849
5845
5822
5815
5809
5808
5808
5804
5800
5779
5776
5765
5752
5749
5717
5716
5707
5703
5659
5652
5646
5619
5569
5561
5557
5553
5550
5543
5539
5536
5523
5518
5503
5500
5496
5494
5492
5482
5478
5466
5417
5416
5403
5385
5384
5383
5367
5365
5363
5360
5353
5338
5328
5321
5317
5309
5307
5304
5295
5293
5290
5276
5264
5259
5259
5254
5249
5246
5245
5238
5229
5215
5214
5203
5197
5195
5194
5193
5190
5172
5138
5134
5126
5126
5119
5108
5108
5099
5099
5086
5085
5079
5076
5043
5021
5013
5011
5005
4998
4980
4971
4951
4947
4928
4923
4920
4898
4898
4895
4894
4881
4876
4862
4857
4854
4829
4821
4815
4806
4798
4797
4795
4778
4771
4766
4765
4759
4734
4725
4717
4711
4704
4688
4677
4674
4655
4642
4636
4629
4623
4621
4604
4588
4584
4584
4583
4581
4579
4572
4564
4563
4552
4541
4534
4510
4472
4467
4457
4443
4425
4411
4409
4408
4402
4393
4391
4388
4373
4365
4358
4352
4346
4332
4330
4323
4321
4305
4304
4303
4286
4274
4274
4262
4261
4256
4252
4222
4217
4210
4207
4194
4187
4182
4169
4151
4145
4140
4127
4114
4113
4110
4090
4086
4083
4067
4061
4056
4052
4041
4031
4019
4018
3999
3989
3972
3971
3964
3964
3959
3954
3952
3949
3939
3930
3907
3904
3899
3871
3869
3854
3846
3845
3841
3806
3799
3776
3767
3761
3760
3742
3734
3707
3701
3698
3696
3671
3666
3661
3656
3649
3647
3639
3632
3628
3613
3602
3593
3590
3590
3589
3579
3571
3568
3564
3558
3558
3557
3555
3550
3549
3545
3530
3524
3521
3519
3492
3464
3423
3406
3402
3398
3389
3374
3355
3342
3336
3326
3322
3320
3311
3309
3302
3298
3288
3272
3248
3246
3234
3223
3220
3219
3216
3210
3202
3201
3190
3190
3180
3170
3169
3165
3157
3153
3133
3113
3094
3090
3088
3082
3078
3073
3072
3069
3054
3047
3040
3026
3002
2979
2979
2973
2964
2947
2936
2924
2922
2907
2896
2895
2877
2842
2840
2826
2824
2803
2791
2789
2786
2784
2780
2780
2772
2765
2760
2742
2739
2734
2715
2713
2709
2697
2679
2667
2663
2660
2658
2648
2645
2638
2637
2631
2625
2621
2617
2616
2610
2603
2598
2598
2597
2595
2591
2590
2575
2551
2541
2541
2529
2519
2517
2498
2489
2482
2479
2470
2463
2456
2452
2450
2443
2432
2417
2412
2406
2398
2392
2386
2372
2371
2370
2365
2351
2342
2331
2323
2321
2316
2315
2311
2304
2301
2300
2297
2284
2277
2275
2274
2271
2261
2251
2236
2233
2217
2208
2184
2183
2174
2166
2165
2162
2160
2157
2153
2142
2131
2119
2109
2097
2096
2095
2093
2092
2087
2085
2066
2062
2040
2037
2028
2024
2019
2000
1979
1953
1949
1933
1931
1923
1923
1922
1918
1917
1908
1906
1898
1878
1878
1874
1872
1861
1854
1854
1837
1827
1818
1811
1795
1783
1778
1777
1770
1762
1761
1758
1757
1743
1739
1733
1718
1710
1709
1690
1678
1674
1659
1659
1656
1647
1622
1619
1619
1618
1594
1567
1563
1561
1556
1549
1535
1534
1531
1513
1511
1507
1504
1503
1499
1493
1487
1472
1472
1460
1450
1445
1437
1437
1427
1424
1419
1416
1413
1413
1412
1405
1397
1393
1387
1386
1374
1373
1345
1327
1324
1317
1317
1317
1310
1291
1289
1288
1288
1286
1277
1271
1270
1260
1247
1246
1245
1243
1240
1195
1179
1165
1163
1159
1127
1117
1107
1106
1093
1092
1082
1059
1056
1055
1054
1045
1041
1033
1028
1028
1026
1019
1016
1014
1013
993
984
978
974
961
947
945
918
905
902
896
893
877
875
871
869
867
850
841
833
820
818
802
796
792
769
762
756
756
749
720
684
676
672
670
650
646
643
637
626
624
609
596
585
575
556
548
547
527
522
514
508
507
504
481
473
470
464
462
459
444
431
420
405
400
390
389
386
383
380
373
363
362
340
334
331
321
308
296
291
286
247
223
214
201
197
187
173
170
165
163
160
156
150
108
91
79
72
67
66
64
60
56
53
49
48
36
16
11
11