11
11
16
36
48
49
53
56
60
64
66
67
72
79
91
108
150
156
160
163
165
170
173
187
197
201
214
223
247
286
291
296
308
321
331
334
340
362
363
373
380
383
386
389
390
400
405
420
431
444
459
462
464
470
473
481
504
507
508
514
522
527
547
548
556
575
585
596
609
624
626
637
643
646
650
670
672
676
684
720
749
756
756
762
769
792
796
802
818
820
833
841
850
867
869
871
875
877
893
896
902
905
918
945
947
961
974
978
984
993
1013
1014
1016
1019
1026
1028
1028
1033
1041
1045
1054
1055
1056
1059
1082
1092
1093
1106
1107
1117
1127
1159
1163
1165
1179
1195
1240
1243
1245
1246
1247
1260
1270
1271
1277
1286
1288
1288
1289
1291
1310
1317
1317
1317
1324
1327
1345
1373
1374
1386
1387
1393
1397
1405
1412
1413
1413
1416
1419
1424
1427
1437
1437
1445
1450
1460
1472
1472
1487
1493
1499
1503
1504
1507
1511
1513
1531
1534
1535
1549
1556
1561
1563
1567
1594
1618
1619
1619
1622
1647
1656
1659
1659
1674
1678
1690
1709
1710
1718
1733
1739
1743
1757
1758
1761
1762
1770
1777
1778
1783
1795
1811
1818
1827
1837
1854
1854
1861
1872
1874
1878
1878
1898
1906
1908
1917
1918
1922
1923
1923
1931
1933
1949
1953
1979
2000
2019
2024
2028
2037
2040
2062
2066
2085
2087
2092
2093
2095
2096
2097
2109
2119
2131
2142
2153
2157
2160
2162
2165
2166
2174
2183
2184
2208
2217
2233
2236
2251
2261
2271
2274
2275
2277
2284
2297
2300
2301
2304
2311
2315
2316
2321
2323
2331
2342
2351
2365
2370
2371
2372
2386
2392
2398
2406
2412
2417
2432
2443
2450
2452
2456
2463
2470
2479
2482
2489
2498
2517
2519
2529
2541
2541
2551
2575
2590
2591
2595
2597
2598
2598
2603
2610
2616
2617
2621
2625
2631
2637
2638
2645
2648
2658
2660
2663
2667
2679
2697
2709
2713
2715
2734
2739
2742
2760
2765
2772
2780
2780
2784
2786
2789
2791
2803
2824
2826
2840
2842
2877
2895
2896
2907
2922
2924
2936
2947
2964
2973
2979
2979
3002
3026
3040
3047
3054
3069
3072
3073
3078
3082
3088
3090
3094
3113
3133
3153
3157
3165
3169
3170
3180
3190
3190
3201
3202
3210
3216
3219
3220
3223
3234
3246
3248
3272
3288
3298
3302
3309
3311
3320
3322
3326
3336
3342
3355
3374
3389
3398
3402
3406
3423
3464
3492
3519
3521
3524
3530
3545
3549
3550
3555
3557
3558
3558
3564
3568
3571
3579
3589
3590
3590
3593
3602
3613
3628
3632
3639
3647
3649
3656
3661
3666
3671
3696
3698
3701
3707
3734
3742
3760
3761
3767
3776
3799
3806
3841
3845
3846
3854
3869
3871
3899
3904
3907
3930
3939
3949
3952
3954
3959
3964
3964
3971
3972
3989
3999
4018
4019
4031
4041
4052
4056
4061
4067
4083
4086
4090
4110
4113
4114
4127
4140
4145
4151
4169
4182
4187
4194
4207
4210
4217
4222
4252
4256
4261
4262
4274
4274
4286
4303
4304
4305
4321
4323
4330
4332
4346
4352
4358
4365
4373
4388
4391
4393
4402
4408
4409
4411
4425
4443
4457
4467
4472
4510
4534
4541
4552
4563
4564
4572
4579
4581
4583
4584
4584
4588
4604
4621
4623
4629
4636
4642
4655
4674
4677
4688
4704
4711
4717
4725
4734
4759
4765
4766
4771
4778
4795
4797
4798
4806
4815
4821
4829
4854
4857
4862
4876
4881
4894
4895
4898
4898
4920
4923
4928
4947
4951
4971
4980
4998
5005
5011
5013
5021
5043
5076
5079
5085
5086
5099
5099
5108
5108
5119
5126
5126
5134
5138
5172
5190
5193
5194
5195
5197
5203
5214
5215
5229
5238
5245
5246
5249
5254
5259
5259
5264
5276
5290
5293
5295
5304
5307
5309
5317
5321
5328
5338
5353
5360
5363
5365
5367
5383
5384
5385
5403
5416
5417
5466
5478
5482
5492
5494
5496
5500
5503
5518
5523
5536
5539
5543
5550
5553
5557
5561
5569
5619
5646
5652
5659
5703
5707
5716
5717
5749
5752
5765
5776
5779
5800
5804
5808
5808
5809
5815
5822
5845
5849
5857
5860
5866
5870
5876
5877
5877
5877
5884
5903
5903
5904
5914
5918
5925
5936
5937
5944
5953
5973
5975
5991
5996
5997
6001
6003
6004
6033
6043
6046
6055
6076
6080
6085
6094
6099
6116
6137
6144
6145
6147
6150
6155
6158
6166
6169
6195
6199
6202
6213
6221
6243
6244
6295
6309
6311
6321
6321
6322
6327
6339
6357
6393
6424
6424
6435
6437
6448
6457
6462
6475
6478
6497
6497
6498
6499
6508
6511
6512
6517
6534
6535
6540
6548
6552
6558
6559
6560
6568
6569
6570
6590
6594
6608
6612
6622
6639
6657
6672
6689
6695
6696
6743
6761
6765
6768
6775
6778
6778
6779
6779
6782
6792
6801
6818
6832
6849
6852
6877
6882
6917
6918
6918
6920
6954
6955
6956
6974
6989
7005
7024
7029
7035
7076
7108
7112
7119
7121
7122
7131
7139
7142
7148
7151
7152
7162
7186
7202
7204
7207
7240
7242
7243
7253
7258
7262
7265
7270
7276
7289
7291
7310
7312
7326
7328
7349
7372
7373
7376
7381
7383
7394
7395
7397
7404
7424
7426
7428
7435
7445
7445
7450
7463
7476
7479
7494
7495
7496
7499
7504
7525
7526
7526
7535
7536
7539
7547
7560
7574
7575
7579
7585
7588
7628
7632
7632
7657
7659
7676
7700
7705
7731
7731
7740
7747
7780
7798
7801
7805
7807
7813
7824
7824
7834
7849
7854
7855
7875
7883
7898
7901
7902
7904
7908
7911
7914
7915
7925
7927
7929
7938
7940
7964
7966
7973
7975
7978
7990
7998
8005
8012
8018
8021
8029
8031
8046
8053
8061
8069
8089
8090
8130
8133
8140
8143
8144
8150
8155
8157
8161
8163
8168
8174
8177
8188
8190
8194
8197
8200
8215
8215
8237
8251
8252
8260
8261
8266
8267
8277
8292
8297
8309
8310
8316
8333
8333
8335
8339
8345
8349
8364
8369
8372
8390
8393
8399
8405
8419
8426
8427
8438
8452
8452
8456
8457
8467
8484
8484
8498
8503
8518
8518
8526
8529
8532
8541
8556
8566
8581
8585
8597
8603
8605
8607
8617
8619
8652
8656
8661
8664
8669
8674
8679
8695
8718
8731
8735
8738
8741
8744
8750
8765
8767
8775
8789
8798
8806
8822
8830
8834
8858
8874
8882
8903
8910
8926
8932
8947
8949
8951
8954
8958
8968
8985
8985
8988
9008
9010
9040
9055
9062
9073
9080
9082
9091
9093
9094
9105
9110
9129
9135
9137
9138
9140
9141
9145
9149
9169
9173
9203
9223
9240
9249
9254
9264
9264
9286
9310
9318
9319
9326
9328
9332
9333
9343
9349
9357
9359
9377
9399
9413
9441
9441
9441
9441
9445
9453
9458
9463
9477
9479
9481
9489
9495
9505
9527
9538
9548
9559
9561
9562
9576
9592
9596
9620
9625
9626
9636
9638
9646
9650
9652
9652
9661
9664
9678
9678
9679
9689
9711
9717
9726
9734
9739
9743
9750
9767
9772
9773
9777
9786
9786
9792
9796
9799
9802
9804
9812
9831
9835
9845
9861
9865
9867
9876
9884
9889
9905
9910
9917
9925
9931
9939
9946
9954
9956
9958
9967
9969
9980
9986
10007
10025
10028
10034
10036
10051
10054
10079
10086
10118
10126
10140
10145
10159
10161
10161
10169
10174
10177
10183
10187
10196
10235
10243
10262
10271
10271
10273
10274
10287
10288
10288
10291
10294
10296
10296
10303
10314
10319
10325
10327
10329
10332
10335
10336
10339
10349
10359
10359
10380
10392
10406
10407
10415
10419
10429
10445
10449
10452
10457
10479
10484
10484
10489
10492
10495
10508
10521
10522
10532
10534
10552
10573
10581
10612
10613
10613
10639
10642
10645
10664
10664
10664
10676
10693
10700
10715
10718
10722
10724
10728
10743
10747
10757
10758
10759
10760
10767
10769
10774
10779
10787
10789
10794
10794
10803
10822
10823
10830
10837
10842
10844
10844
10845
10849
10860
10879
10882
10920
10923
10924
10924
10925
10928
10939
10947
10952
10959
10964
10966
10973
10975
10978
10980
10987
10989
10993
10995
10999
11018
11027
11049
11052
11055
11064
11075
11082
11086
11090
11095
11100
11101
11105
11106
11121
11123
11138
11153
11156
11162
11174
11175
11175
11177
11178
11194
11196
11198
11226
11230
11241
11245
11245
11257
11274
11275
11277
11295
11332
11334
11365
11377
11397
11408
11418
11421
11433
11433
11444
11456
11459
11467
11471
11476
11482
11485
11491
11499
11505
11506
11508
11518
11526
11528
11533
11534
11537
11539
11549
11573
11587
11592
11594
11599
11603
11611
11617
11619
11629
11635
11638
11661
11684
11693
11695
11696
11702
11703
11724
11730
11737
11741
11744
11762
11763
11766
11768
11772
11777
11785
11790
11796
11807
11812
11815
11818
11829
11839
11843
11845
11846
11849
11882
11885
11886
11900
11902
11914
11928
11933
11936
11937
11943
11959
11959
11969
11974
11978
11991
11992
12005
12013
12017
12023
12025
12025
12027
12048
12074
12075
12077
12086
12089
12094
12104
12104
12109
12115
12121
12132
12155
12159
12173
12181
12182
12183
12183
12185
12196
12198
12201
12213
12221
12242
12245
12248
12262
12279
12284
12309
12311
12331
12333
12337
12346
12347
12349
12382
12384
12387
12388
12388
12396
12412
12419
12434
12436
12442
12444
12445
12447
12460
12462
12480
12494
12505
12518
12528
12533
12539
12540
12550
12555
12569
12589
12590
12595
12597
12601
12609
12618
12624
12628
12629
12640
12641
12651
12652
12663
12711
12719
12719
12720
12722
12734
12741
12743
12746
12751
12753
12753
12759
12773
12785
12796
12805
12808
12811
12823
12835
12854
12880
12884
12907
12913
12924
12924
12926
12934
12954
12967
12968
12971
12994
13003
13003
13007
13007
13012
13012
13015
13034
13046
13063
13067
13100
13103
13104
13105
13115
13124
13131
13133
13138
13141
13157
13160
13164
13172
13172
13178
13191
13201
13209
13224
13232
13252
13257
13263
13273
13273
13292
13294
13295
13305
13350
13351
13371
13374
13375
13383
13385
13386
13395
13395
13398
13420
13423
13423
13424
13431
13437
13441
13446
13488
13492
13514
13519
13526
13528
13533
13544
13553
13555
13567
13577
13596
13608
13614
13618
13621
13623
13639
13640
13646
13648
13649
13650
13659
13660
13681
13698
13716
13724
13728
13748
13763
13765
13768
13771
13785
13799
13802
13803
13863
13871
13876
13889
13890
13906
13908
13910
13914
13917
13920
13934
13938
13944
13947
13951
13952
13965
13978
13999
14003
14005
14019
14029
14034
14039
14049
14057
14059
14059
14067
14076
14122
14128
14140
14144
14153
14155
14159
14163
14177
14206
14215
14228
14232
14241
14245
14246
14248
14269
14280
14289
14292
14294
14295
14309
14313
14334
14338
14340
14342
14345
14360
14360
14374
14381
14384
14384
14387
14395
14395
14415
14422
14424
14424
14428
14444
14451
14453
14457
14460
14461
14462
14467
14484
14485
14490
14502
14508
14512
14556
14557
14559
14569
14569
14577
14584
14598
14602
14604
14606
14614
14635
14641
14644
14653
14662
14663
14666
14679
14682
14684
14688
14696
14699
14699
14716
14735
14749
14760
14764
14770
14772
14777
14778
14781
14783
14799
14803
14805
14815
14816
14821
14823
14833
14835
14850
14851
14883
14884
14885
14888
14916
14920
14924
14926
14930
14943
14945
14953
14955
14956
14958
14973
14974
14977
14994
15023
15023
15026
15028
15041
15047
15047
15056
15056
15064
15091
15104
15105
15111
15112
15115
15118
15122
15136
15136
15137
15151
15158
15160
15164
15182
15191
15192
15200
15203
15204
15208
15216
15222
15223
15228
15231
15234
15254
15271
15276
15279
15280
15284
15290
15293
15293
15307
15320
15327
15336
15338
15350
15354
15357
15359
15360
15360
15362
15366
15386
15393
15403
15405
15414
15436
15446
15456
15462
15464
15473
15473
15475
15499
15504
15506
15511
15512
15520
15530
15548
15578
15579
15597
15597
15606
15608
15609
15627
15650
15654
15656
15657
15663
15663
15675
15685
15697
15706
15721
15729
15736
15736
15738
15743
15751
15753
15754
15754
15771
15771
15778
15779
15787
15792
15796
15810
15815
15824
15843
15856
15858
15858
15882
15888
15892
15895
15910
15919
15947
15968
15972
15972
15973
15978
15979
15981
15996
16003
16004
16006
16010
16028
16031
16033
16033
16041
16041
16046
16047
16060
16065
16072
16080
16091
16109
16117
16133
16138
16146
16146
16149
16153
16165
16171
16174
16188
16208
16209
16212
16212
16225
16231
16254
16259
16265
16292
16297
16297
16297
16315
16328
16329
16335
16346
16353
16353
16365
16385
16388
16410
16410
16411
16416
16419
16428
16432
16443
16448
16454
16469
16475
16475
16477
16483
16484
16508
16517
16521
16524
16538
16544
16554
16566
16571
16574
16574
16582
16583
16585
16632
16648
16660
16667
16671
16671
16676
16678
16680
16681
16687
16698
16702
16708
16726
16755
16762
16768
16772
16774
16792
16795
16797
16799
16800
16812
16818
16821
16826
16831
16839
16869
16880
16880
16881
16888
16892
16896
16919
16924
16928
16932
16934
16951
16957
16958
16963
16967
16967
16967
16976
16976
16986
16987
16997
17002
17009
17034
17049
17053
17056
17057
17057
17058
17067
17073
17086
17087
17098
17107
17121
17121
17140
17164
17179
17179
17188
17192
17192
17194
17212
17215
17220
17244
17245
17247
17249
17254
17268
17288
17290
17292
17300
17303
17318
17320
17332
17336
17345
17351
17361
17370
17374
17378
17379
17386
17389
17411
17414
17428
17431
17436
17437
17451
17464
17497
17505
17506
17513
17513
17522
17525
17525
17530
17540
17560
17567
17568
17583
17602
17609
17645
17659
17665
17690
17695
17696
17699
17702
17712
17717
17734
17738
17744
17759
17763
17766
17778
17783
17787
17791
17811
17816
17822
17826
17847
17857
17858
17865
17869
17877
17888
17904
17905
17918
17920
17921
17931
17938
17956
17959
17974
17997
18000
18003
18006
18006
18010
18026
18027
18034
18055
18056
18058
18062
18074
18100
18113
18118
18134
18138
18161
18178
18180
18188
18196
18210
18218
18221
18225
18236
18247
18247
18250
18270
18287
18294
18299
18305
18309
18314
18315
18315
18330
18352
18362
18368
18371
18371
18391
18399
18401
18405
18412
18413
18425
18430
18449
18467
18478
18481
18490
18501
18506
18539
18540
18542
18542
18548
18554
18563
18569
18573
18576
18584
18585
18598
18601
18601
18603
18607
18615
18618
18635
18653
18655
18655
18658
18659
18663
18666
18669
18670
18678
18680
18681
18693
18694
18698
18728
18736
18737
18744
18746
18748
18750
18758
18760
18761
18780
18783
18789
18798
18803
18803
18807
18808
18830
18848
18854
18856
18858
18877
18889
18919
18925
18926
18934
18941
18944
18945
18961
18963
18967
18971
18981
18981
18996
19013
19042
19052
19053
19053
19054
19060
19097
19098
19102
19110
19121
19123
19129
19146
19154
19163
19166
19174
19176
19188
19195
19207
19211
19220
19224
19224
19237
19241
19247
19247
19248
19256
19269
19270
19270
19280
19286
19288
19291
19304
19318
19319
19325
19330
19334
19337
19343
19345
19348
19350
19352
19362
19374
19393
19399
19400
19400
19401
19402
19428
19430
19436
19442
19446
19456
19465
19469
19480
19482
19500
19514
19527
19536
19540
19546
19547
19560
19561
19566
19591
19597
19618
19619
19619
19630
19641
19643
19672
19672
19678
19680
19684
19708
19718
19723
19730
19754
19755
19762
19790
19799
19800
19803
19808
19809
19809
19817
19827
19829
19873
19882
19886
19892
19894
19917
19932
19960
19968
19981
19998
20004
20016
20020
20056
20065
20065
20073
20088
20109
20119
20120
20136
20156
20158
20158
20160
20160
20164
20183
20196
20215
20220
20223
20224
20226
20272
20272
20273
20275
20297
20297
20310
20344
20352
20356
20360
20366
20371
20395
20415
20416
20427
20431
20434
20452
20472
20487
20491
20498
20502
20505
20508
20512
20525
20528
20554
20556
20557
20561
20567
20575
20576
20578
20589
20592
20597
20635
20638
20642
20659
20679
20690
20699
20702
20703
20705
20706
20706
20713
20725
20734
20734
20735
20739
20743
20746
20748
20751
20755
20773
20792
20804
20807
20835
20840
20848
20849
20876
20880
20883
20892
20912
20938
20941
20941
20942
20946
20950
20961
20982
20984
20987
21016
21038
21071
21074
21077
21080
21081
21086
21090
21093
21130
21145
21148
21154
21155
21170
21171
21180
21188
21191
21202
21215
21217
21217
21220
21232
21236
21239
21256
21278
21280
21283
21295
21313
21316
21323
21328
21333
21340
21354
21363
21366
21369
21370
21370
21372
21397
21399
21401
21405
21407
21407
21409
21430
21435
21440
21440
21444
21455
21456
21464
21478
21486
21494
21497
21500
21510
21522
21536
21544
21568
21581
21587
21592
21595
21599
21601
21603
21603
21605
21639
21642
21645
21650
21655
21665
21695
21700
21701
21722
21750
21755
21763
21778
21784
21787
21795
21803
21813
21836
21838
21845
21848
21853
21857
21858
21872
21888
21895
21902
21909
21910
21912
21914
21937
21937
21941
21950
21964
21966
21969
21975
21988
21989
21999
22026
22037
22039
22046
22050
22053
22091
22097
22111
22121
22140
22140
22155
22177
22182
22192
22198
22208
22223
22223
22224
22230
22247
22253
22275
22275
22276
22278
22295
22300
22312
22327
22330
22331
22336
22350
22356
22362
22395
22398
22407
22419
22424
22424
22425
22429
22433
22434
22435
22446
22448
22452
22456
22459
22472
22485
22487
22488
22515
22522
22527
22533
22545
22548
22559
22559
22560
22585
22590
22591
22597
22608
22611
22633
22636
22648
22675
22682
22689
22693
22726
22727
22736
22741
22746
22769
22771
22787
22808
22819
22844
22848
22848
22854
22878
22884
22889
22895
22898
22913
22913
22936
22946
22956
22978
22980
22992
23013
23028
23036
23036
23040
23045
23048
23053
23064
23066
23071
23083
23099
23102
23104
23104
23105
23110
23113
23129
23134
23137
23138
23151
23152
23157
23157
23162
23176
23187
23195
23212
23226
23247
23258
23258
23276
23283
23292
23319
23328
23330
23338
23347
23365
23375
23379
23408
23412
23418
23430
23431
23433
23439
23455
23455
23462
23469
23479
23488
23491
23497
23501
23503
23507
23514
23522
23522
23524
23540
23544
23558
23564
23570
23578
23590
23595
23606
23614
23627
23644
23645
23655
23656
23672
23675
23676
23681
23698
23706
23713
23721
23724
23724
23725
23729
23735
23745
23750
23754
23759
23775
23777
23785
23790
23794
23798
23798
23807
23808
23812
23815
23817
23820
23843
23849
23850
23856
23857
23870
23875
23881
23897
23901
23908
23910
23916
23922
23950
23951
23960
23964
23968
23977
24007
24017
24024
24027
24029
24040
24045
24051
24070
24082
24091
24093
24100
24115
24117
24135
24136
24141
24180
24195
24224
24237
24249
24273
24288
24295
24306
24329
24333
24345
24358
24360
24367
24385
24391
24391
24408
24409
24413
24413
24414
24416
24419
24426
24438
24448
24464
24467
24469
24471
24480
24502
24513
24528
24534
24543
24552
24561
24568
24572
24578
24586
24607
24607
24615
24627
24653
24656
24675
24676
24677
24682
24690
24697
24705
24706
24722
24725
24733
24735
24738
24742
24744
24750
24763
24766
24769
24773
24779
24791
24796
24799
24802
24804
24824
24831
24838
24868
24880
24882
24882
24885
24903
24908
24911
24912
24924
24931
24933
24945
24948
24950
24977
24986
24990
24998
25006
25006
25010
25012
25017
25038
25045
25053
25058
25058
25063
25073
25074
25077
25079
25091
25092
25093
25094
25100
25103
25106
25106
25119
25122
25156
25180
25180
25187
25197
25209
25212
25227
25228
25230
25231
25247
25250
25256
25267
25279
25280
25300
25322
25327
25327
25330
25333
25336
25336
25339
25353
25377
25396
25398
25409
25412
25413
25415
25425
25434
25435
25436
25448
25470
25472
25487
25488
25489
25490
25495
25496
25513
25516
25522
25522
25525
25543
25545
25567
25569
25570
25579
25609
25615
25617
25618
25632
25633
25635
25641
25642
25651
25654
25658
25660
25666
25667
25673
25684
25686
25694
25699
25710
25712
25713
25724
25744
25749
25754
25779
25780
25784
25790
25791
25791
25795
25806
25824
25837
25844
25845
25850
25858
25861
25871
25907
25909
25912
25916
25918
25919
25919
25931
25944
25946
25955
25956
25976
25983
25987
25990
25996
26005
26010
26023
26024
26027
26067
26070
26079
26086
26088
26089
26103
26121
26127
26128
26128
26143
26144
26145
26146
26156
26157
26158
26158
26162
26168
26179
26203
26207
26208
26214
26217
26230
26231
26231
26241
26245
26255
26276
26279
26300
26305
26306
26314
26317
26327
26332
26334
26342
26345
26359
26364
26378
26384
26386
26392
26394
26406
26412
26414
26417
26419
26426
26429
26478
26478
26484
26488
26498
26518
26532
26542
26545
26546
26573
26581
26591
26597
26607
26617
26646
26646
26651
26652
26658
26676
26677
26694
26697
26707
26716
26734
26742
26749
26752
26754
26755
26760
26767
26787
26789
26793
26796
26801
26803
26804
26809
26809
26811
26814
26835
26841
26844
26849
26868
26882
26903
26921
26922
26936
26942
26954
26956
26965
26965
26967
26973
27020
27027
27043
27055
27065
27084
27087
27092
27092
27094
27103
27104
27132
27133
27142
27155
27174
27175
27176
27191
27207
27208
27215
27221
27236
27256
27266
27268
27269
27278
27302
27304
27308
27310
27314
27328
27359
27366
27367
27368
27385
27396
27399
27416
27423
27446
27447
27459
27461
27462
27469
27471
27485
27486
27494
27496
27497
27501
27505
27515
27530
27543
27551
27553
27560
27606
27607
27626
27642
27663
27663
27666
27671
27681
27688
27689
27694
27696
27700
27706
27713
27717
27719
27734
27738
27755
27774
27777
27778
27786
27787
27789
27791
27797
27807
27810
27817
27818
27822
27823
27829
27834
27834
27835
27838
27842
27845
27849
27849
27862
27862
27865
27874
27879
27887
27896
27898
27903
27912
27912
27912
27914
27927
27930
27952
27968
27970
27982
27985
27989
27989
27989
27996
28002
28004
28005
28007
28020
28024
28042
28044
28045
28070
28092
28109
28110
28112
28113
28138
28145
28159
28161
28165
28169
28171
28187
28192
28193
28197
28225
28230
28238
28243
28252
28271
28272
28274
28292
28296
28301
28302
28305
28310
28312
28316
28321
28331
28346
28347
28354
28370
28385
28391
28401
28402
28419
28423
28427
28434
28436
28438
28456
28458
28466
28471
28487
28498
28501
28504
28510
28515
28521
28523
28528
28529
28550
28554
28556
28561
28572
28576
28576
28589
28602
28627
28628
28638
28658
28674
28674
28675
28698
28705
28711
28717
28723
28731
28739
28748
28755
28757
28757
28763
28772
28773
28774
28776
28780
28783
28785
28801
28819
28819
28844
28845
28846
28846
28847
28860
28867
28874
28878
28879
28900
28920
28923
28928
28932
28951
29018
29023
29049
29059
29079
29084
29091
29091
29106
29107
29108
29109
29111
29122
29128
29142
29144
29146
29147
29150
29160
29160
29164
29165
29165
29167
29180
29182
29186
29193
29207
29215
29218
29226
29229
29231
29252
29252
29273
29279
29291
29296
29316
29317
29319
29338
29340
29346
29358
29367
29371
29397
29403
29403
29411
29426
29450
29458
29485
29485
29487
29499
29500
29505
29515
29525
29543
29545
29548
29553
29553
29555
29558
29568
29578
29603
29617
29632
29635
29636
29648
29649
29656
29663
29672
29673
29677
29679
29680
29690
29706
29710
29758
29759
29765
29781
29783
29791
29797
29800
29808
29811
29824
29826
29835
29836
29848
29852
29853
29859
29862
29879
29881
29909
29909
29914
29930
29937
29938
29947
29952
29960
29962
29964
29969
29972
29977
29984
29986
29994
30004
30034
30050
30055
30055
30070
30072
30082
30087
30126
30141
30142
30144
30145
30149
30158
30165
30172
30178
30182
30189
30189
30202
30202
30213
30220
30225
30226
30235
30246
30247
30258
30267
30285
30286
30318
30350
30356
30367
30375
30376
30380
30417
30430
30432
30436
30438
30442
30443
30446
30468
30482
30493
30493
30494
30511
30519
30520
30528
30537
30560
30563
30573
30602
30604
30605
30605
30611
30622
30624
30634
30647
30649
30654
30656
30668
30670
30680
30682
30686
30713
30727
30743
30743
30749
30758
30765
30767
30772
30787
30792
30814
30818
30820
30834
30839
30852
30859
30873
30884
30895
30904
30921
30925
30943
30945
30953
30953
30986
31006
31044
31046
31055
31098
31106
31112
31130
31135
31138
31164
31189
31198
31208
31219
31236
31239
31246
31252
31259
31288
31289
31313
31321
31368
31376
31380
31390
31391
31400
31402
31412
31422
31436
31439
31446
31458
31459
31462
31484
31499
31500
31501
31503
31515
31526
31533
31543
31547
31547
31563
31572
31573
31573
31578
31586
31598
31603
31610
31611
31611
31617
31630
31641
31644
31665
31668
31681
31690
31708
31725
31725
31777
31811
31814
31815
31822
31830
31848
31848
31854
31857
31863
31865
31878
31885
31888
31893
31902
31912
31920
31935
31943
31947
31957
31961
31970
31978
31993
31994
32007
32019
32023
32040
32040
32047
32048
32050
32050
32068
32072
32093
32103
32119
32126
32145
32150
32151
32152
32153
32156
32164
32170
32176
32196
32199
32206
32210
32225
32228
32230
32233
32245
32245
32252
32258
32261
32264
32288
32289
32292
32292
32310
32314
32331
32344
32362
32362
32369
32374
32392
32403
32413
32421
32425
32435
32458
32462
32474
32477
32492
32492
32497
32504
32509
32519
32541
32555
32568
32570
32576
32580
32595
32601
32623
32629
32644
32648
32662
32663
32675
32676
32692
32699
32712
32715
32720
32721
32723
32725
32736
32742
32743
32748
32749
32754
32757
32758
32764
32772
32772
32776
32797
32797
32807
32819
32828
32830
32835
32841
32846
32848
32863
32875
32883
32886
32890
32900
32920
32920
32923
32925
32931
32937
32942
32948
32951
32952
32957
32959
32975
32981
32995
33000
33006
33013
33020
33035
33050
33064
33073
33076
33080
33081
33124
33125
33125
33128
33132
33144
33181
33185
33195
33197
33198
33198
33207
33213
33217
33224
33242
33253
33259
33261
33264
33271
33277
33290
33295
33300
33300
33304
33304
33335
33347
33352
33352
33357
33365
33374
33387
33404
33409
33433
33439
33442
33444
33445
33456
33471
33478
33479
33483
33491
33500
33542
33546
33558
33558
33560
33561
33575
33578
33595
33600
33611
33617
33630
33637
33645
33655
33683
33691
33691
33706
33712
33733
33753
33756
33767
33769
33770
33784
33797
33812
33812
33815
33817
33819
33824
33828
33830
33864
33883
33892
33895
33897
33901
33908
33920
33924
33928
33931
33934
33935
33941
33941
33943
33949
33951
33952
33958
33968
33971
33979
33980
33986
33997
34008
34023
34023
34030
34031
34033
34043
34054
34062
34068
34076
34089
34093
34114
34115
34120
34133
34135
34140
34140
34146
34150
34177
34177
34188
34193
34194
34195
34212
34213
34218
34227
34238
34252
34253
34253
34261
34273
34278
34287
34296
34309
34313
34314
34321
34323
34325
34337
34347
34350
34350
34352
34360
34378
34380
34382
34382
34396
34397
34399
34408
34409
34412
34418
34425
34432
34435
34437
34443
34454
34464
34477
34478
34479
34498
34513
34542
34554
34555
34568
34579
34580
34583
34585
34596
34609
34611
34612
34616
34624
34634
34636
34648
34656
34667
34670
34673
34680
34688
34705
34714
34718
34725
34730
34730
34738
34749
34750
34755
34765
34792
34798
34799
34810
34830
34831
34839
34841
34845
34848
34851
34855
34855
34866
34897
34904
34908
34916
34929
34930
34933
34934
34934
34953
34955
34956
34966
34968
34979
34983
34987
34991
35004
35008
35013
35014
35028
35036
35040
35041
35056
35063
35069
35077
35087
35089
35102
35115
35118
35123
35125
35127
35131
35133
35134
35135
35137
35142
35211
35214
35237
35240
35249
35259
35262
35264
35268
35288
35298
35307
35311
35318
35322
35327
35344
35357
35359
35386
35388
35393
35402
35404
35419
35420
35422
35433
35449
35462
35468
35476
35522
35529
35540
35545
35549
35551
35569
35573
35574
35577
35589
35596
35597
35618
35655
35666
35677
35678
35685
35685
35692
35692
35715
35745
35748
35784
35793
35798
35806
35811
35812
35812
35842
35845
35849
35853
35867
35871
35891
35897
35906
35910
35920
35922
35931
35936
35938
35946
35947
35979
35994
35997
35998
35998
36011
36020
36021
36031
36036
36040
36040
36042
36049
36058
36064
36084
36088
36125
36128
36129
36130
36135
36138
36139
36147
36148
36150
36174
36196
36206
36219
36222
36227
36241
36243
36249
36249
36259
36267
36284
36286
36305
36307
36311
36315
36316
36327
36337
36345
36349
36349
36360
36373
36377
36389
36390
36396
36403
36405
36406
36420
36461
36472
36476
36482
36483
36484
36493
36504
36514
36530
36542
36548
36549
36568
36580
36582
36585
36586
36592
36594
36604
36613
36619
36621
36623
36641
36648
36655
36658
36661
36664
36684
36691
36696
36699
36707
36710
36716
36724
36729
36739
36741
36741
36743
36745
36773
36778
36781
36783
36791
36796
36807
36823
36824
36855
36885
36890
36896
36902
36905
36907
36920
36929
36959
36965
36974
36986
36996
37004
37031
37031
37037
37043
37046
37059
37063
37075
37093
37100
37102
37105
37108
37124
37125
37126
37136
37137
37160
37161
37172
37181
37182
37193
37195
37231
37232
37243
37259
37259
37268
37271
37274
37276
37297
37298
37300
37306
37320
37328
37347
37350
37354
37358
37359
37359
37403
37416
37431
37436
37440
37442
37450
37463
37467
37482
37484
37487
37489
37495
37495
37505
37506
37506
37508
37519
37523
37527
37528
37531
37536
37553
37580
37616
37638
37638
37643
37644
37646
37650
37655
37656
37662
37672
37683
37691
37695
37709
37711
37715
37716
37735
37739
37747
37759
37772
37803
37804
37810
37825
37826
37836
37850
37852
37864
37875
37878
37881
37882
37888
37900
37910
37914
37922
37933
37938
37947
37954
37957
37973
37980
37988
37990
37990
37991
38000
38001
38017
38020
38022
38030
38039
38040
38041
38046
38070
38074
38074
38076
38079
38083
38085
38088
38101
38104
38106
38124
38125
38126
38127
38141
38150
38156
38164
38182
38188
38190
38191
38195
38201
38202
38205
38215
38224
38237
38241
38246
38248
38250
38256
38263
38272
38306
38309
38317
38320
38330
38335
38346
38348
38348
38348
38374
38391
38392
38405
38425
38433
38435
38438
38439
38443
38445
38455
38464
38478
38482
38486
38528
38533
38543
38545
38547
38547
38568
38571
38598
38611
38618
38623
38648
38649
38652
38655
38660
38663
38671
38682
38684
38691
38691
38711
38712
38713
38718
38726
38737
38745
38792
38799
38812
38816
38824
38830
38833
38835
38838
38846
38885
38886
38895
38895
38896
38919
38949
38951
38970
38972
38979
38989
39001
39003
39004
39040
39041
39049
39054
39068
39077
39086
39093
39105
39111
39113
39115
39118
39122
39125
39127
39129
39136
39138
39140
39153
39154
39162
39162
39164
39172
39178
39190
39190
39196
39200
39206
39219
39254
39258
39267
39272
39277
39291
39300
39312
39341
39346
39352
39356
39369
39380
39403
39405
39406
39412
39421
39430
39430
39434
39435
39436
39443
39446
39448
39466
39472
39473
39484
39486
39488
39488
39505
39515
39519
39537
39546
39553
39567
39571
39578
39582
39583
39587
39597
39606
39617
39622
39625
39630
39631
39635
39665
39675
39686
39700
39717
39730
39733
39738
39743
39744
39757
39759
39769
39770
39795
39798
39809
39816
39827
39836
39838
39843
39849
39852
39863
39875
39881
39883
39890
39895
39916
39917
39918
39925
39927
39937
39941
39944
39945
39945
39949
39952
39966
39969
39987
39989
39990
39998
39999
40001
40011
40043
40049
40057
40061
40082
40084
40092
40101
40101
40124
40134
40144
40149
40150
40151
40155
40160
40167
40174
40175
40177
40203
40204
40221
40226
40234
40241
40241
40244
40259
40260
40261
40266
40268
40269
40278
40291
40292
40299
40306
40307
40308
40310
40315
40347
40356
40358
40359
40368
40383
40387
40394
40402
40425
40427
40428
40433
40435
40436
40459
40464
40464
40465
40469
40474
40507
40516
40522
40522
40523
40527
40531
40561
40569
40570
40570
40585
40608
40608
40618
40627
40631
40636
40639
40640
40640
40643
40645
40650
40653
40673
40677
40685
40694
40717
40725
40732
40744
40746
40752
40760
40766
40769
40770
40782
40810
40811
40816
40826
40827
40828
40834
40859
40862
40872
40876
40883
40885
40885
40900
40908
40911
40917
40922
40937
40940
40945
40952
40963
40969
40979
40980
40986
40995
41001
41002
41022
41024
41027
41033
41039
41045
41057
41057
41059
41062
41063
41063
41067
41068
41075
41075
41088
41093
41107
41109
41117
41122
41130
41130
41131
41139
41141
41152
41152
41159
41172
41173
41199
41210
41212
41212
41215
41232
41243
41247
41261
41268
41269
41279
41293
41294
41295
41296
41301
41315
41317
41317
41325
41326
41335
41369
41370
41379
41386
41401
41402
41403
41406
41408
41416
41419
41419
41421
41425
41425
41441
41442
41449
41454
41459
41475
41487
41488
41497
41510
41536
41536
41548
41561
41576
41589
41601
41612
41623
41635
41637
41641
41646
41674
41675
41678
41681
41691
41706
41731
41734
41737
41744
41744
41746
41765
41771
41773
41778
41789
41789
41792
41795
41795
41809
41817
41820
41827
41829
41833
41835
41836
41845
41847
41854
41857
41861
41877
41879
41891
41895
41898
41898
41903
41913
41915
41930
41934
41940
41959
41964
41984
41991
42006
42007
42016
42024
42027
42039
42042
42050
42053
42060
42061
42092
42096
42098
42099
42105
42107
42115
42115
42119
42120
42120
42125
42134
42136
42137
42137
42146
42147
42149
42149
42152
42186
42192
42210
42213
42221
42224
42230
42234
42236
42241
42247
42253
42259
42277
42280
42280
42283
42291
42301
42309
42311
42321
42325
42334
42336
42366
42377
42381
42396
42397
42403
42408
42408
42416
42424
42427
42440
42462
42462
42466
42472
42476
42486
42486
42493
42500
42501
42507
42508
42508
42517
42519
42525
42528
42532
42538
42546
42557
42582
42584
42606
42609
42617
42619
42621
42621
42641
42649
42660
42675
42676
42706
42715
42728
42731
42732
42733
42741
42747
42748
42755
42766
42767
42786
42790
42800
42800
42816
42828
42833
42837
42841
42844
42861
42866
42877
42881
42913
42916
42919
42933
42937
42941
42941
42960
42970
42977
43008
43040
43040
43052
43059
43062
43079
43081
43121
43147
43149
43149
43150
43166
43184
43194
43218
43219
43221
43231
43257
43265
43271
43280
43281
43306
43310
43327
43334
43346
43356
43357
43364
43375
43378
43387
43391
43403
43406
43408
43410
43420
43420
43426
43426
43453
43468
43469
43471
43472
43478
43489
43496
43498
43520
43521
43524
43549
43568
43573
43581
43586
43602
43603
43608
43612
43619
43619
43624
43636
43644
43648
43658
43709
43725
43747
43753
43754
43756
43759
43764
43767
43767
43774
43777
43809
43811
43818
43824
43844
43848
43856
43856
43860
43861
43862
43864
43867
43879
43881
43884
43891
43894
43930
43930
43936
43936
43945
43960
43962
43969
43975
43993
43997
44004
44026
44038
44064
44069
44078
44079
44083
44085
44089
44098
44099
44100
44112
44116
44132
44140
44153
44155
44157
44159
44174
44180
44183
44187
44190
44190
44195
44198
44214
44220
44223
44226
44229
44235
44249
44266
44273
44279
44279
44283
44298
44306
44310
44329
44332
44332
44336
44345
44349
44356
44360
44365
44396
44403
44403
44409
44410
44430
44439
44449
44460
44469
44472
44490
44492
44495
44498
44504
44520
44523
44526
44542
44550
44556
44558
44560
44562
44600
44600
44613
44613
44615
44617
44627
44637
44644
44653
44662
44670
44671
44676
44688
44693
44701
44730
44740
44774
44785
44790
44792
44793
44800
44801
44808
44808
44811
44812
44826
44828
44849
44852
44857
44872
44897
44899
44900
44902
44909
44910
44911
44925
44949
44953
44973
44982
44985
44988
44995
44999
45010
45014
45015
45018
45018
45028
45033
45035
45042
45049
45056
45069
45084
45086
45094
45111
45120
45137
45141
45141
45146
45150
45157
45174
45177
45182
45182
45183
45188
45225
45227
45229
45236
45237
45245
45245
45264
45273
45276
45289
45295
45308
45309
45313
45322
45336
45344
45361
45370
45404
45418
45420
45424
45425
45426
45431
45434
45437
45439
45447
45459
45464
45473
45478
45498
45505
45517
45518
45519
45521
45536
45538
45545
45548
45552
45562
45574
45574
45576
45581
45583
45584
45585
45603
45610
45613
45628
45628
45629
45633
45646
45659
45664
45665
45687
45690
45692
45696
45714
45724
45772
45774
45779
45780
45781
45785
45796
45803
45812
45825
45828
45829
45830
45831
45837
45854
45854
45860
45862
45879
45886
45888
45891
45895
45904
45906
45906
45917
45918
45918
45920
45927
45931
45939
45942
45946
45953
45954
45963
45969
45977
45978
45992
45994
46002
46003
46004
46013
46026
46035
46042
46053
46073
46075
46095
46097
46101
46108
46114
46116
46118
46119
46121
46124
46133
46133
46139
46141
46141
46155
46159
46175
46179
46188
46192
46198
46199
46217
46220
46229
46235
46240
46251
46257
46263
46263
46266
46266
46278
46307
46316
46332
46333
46349
46352
46355
46365
46365
46377
46388
46417
46418
46422
46426
46430
46453
46454
46467
46492
46497
46501
46514
46517
46518
46519
46524
46546
46547
46556
46558
46573
46582
46596
46618
46618
46632
46633
46640
46654
46660
46664
46666
46671
46690
46703
46703
46724
46724
46744
46752
46752
46760
46767
46772
46777
46778
46782
46794
46800
46802
46807
46807
46810
46811
46823
46824
46837
46848
46859
46865
46870
46882
46910
46939
46948
46953
46957
46958
46968
46969
46989
46991
47002
47004
47012
47015
47018
47026
47034
47035
47065
47070
47075
47089
47099
47102
47107
47110
47113
47121
47121
47130
47150
47178
47178
47184
47185
47191
47197
47205
47212
47242
47252
47253
47272
47274
47276
47287
47297
47299
47299
47301
47301
47307
47315
47324
47333
47339
47350
47351
47372
47373
47384
47387
47388
47415
47417
47419
47424
47436
47439
47440
47441
47451
47462
47464
47483
47486
47513
47515
47516
47540
47543
47553
47556
47577
47592
47602
47612
47612
47613
47619
47620
47637
47639
47639
47641
47647
47651
47659
47659
47660
47663
47667
47667
47686
47690
47697
47705
47705
47712
47716
47717
47719
47738
47740
47757
47759
47759
47761
47767
47777
47778
47781
47790
47800
47813
47820
47828
47846
47853
47872
47885
47903
47903
47911
47919
47928
47932
47937
47943
47961
47973
47981
47984
47989
47992
48006
48010
48016
48022
48023
48032
48046
48048
48052
48056
48068
48068
48102
48106
48110
48149
48157
48175
48185
48193
48196
48197
48198
48203
48209
48217
48219
48258
48260
48274
48281
48293
48298
48305
48314
48317
48321
48323
48328
48331
48334
48337
48348
48352
48362
48363
48364
48372
48381
48391
48392
48403
48413
48421
48423
48423
48427
48437
48448
48454
48463
48470
48487
48496
48502
48502
48518
48521
48523
48539
48543
48545
48548
48548
48560
48571
48581
48583
48598
48599
48608
48619
48628
48637
48637
48649
48655
48673
48690
48700
48701
48708
48712
48716
48721
48723
48725
48730
48743
48750
48760
48763
48783
48786
48788
48790
48790
48813
48822
48822
48824
48835
48841
48866
48872
48897
48899
48900
48900
48906
48906
48926
48927
48937
48945
48948
48952
48971
48972
48981
48984
49001
49002
49002
49009
49011
49011
49014
49029
49042
49045
49046
49046
49053
49062
49071
49073
49090
49099
49118
49121
49124
49125
49136
49139
49145
49145
49149
49168
49171
49173
49175
49189
49197
49197
49206
49207
49210
49211
49227
49231
49259
49277
49285
49292
49327
49333
49340
49341
49354
49358
49370
49375
49378
49386
49386
49393
49398
49401
49407
49422
49426
49430
49433
49437
49441
49468
49478
49497
49520
49523
49527
49531
49532
49546
49551
49552
49560
49561
49568
49577
49577
49581
49583
49599
49611
49620
49621
49622
49623
49626
49637
49644
49648
49649
49658
49675
49678
49695
49697
49704
49714
49722
49736
49743
49749
49765
49778
49778
49783
49824
49828
49840
49853
49857
49862
49876
49878
49907
49914
49916
49930
49968
49975
49982
49983
49985
49990
50000
50007
50017
50032
50041
50045
50076
50077
50077
50087
50097
50110
50122
50137
50139
50145
50171
50181
50191
50196
50209
50215
50227
50231
50237
50243
50270
50271
50286
50299
50331
50361
50374
50385
50400
50440
50441
50453
50469
50470
50484
50487
50495
50498
50505
50519
50532
50533
50534
50543
50552
50557
50602
50602
50604
50610
50616
50616
50617
50632
50651
50664
50676
50703
50703
50759
50763
50765
50766
50766
50766
50769
50776
50781
50782
50784
50786
50789
50790
50791
50796
50798
50802
50812
50831
50834
50834
50837
50846
50853
50859
50860
50875
50885
50896
50905
50905
50925
50926
50931
50933
50936
50942
50945
50962
50965
50970
50977
51001
51003
51005
51020
51021
51029
51032
51035
51039
51047
51051
51053
51068
51069
51078
51078
51115
51133
51151
51155
51165
51165
51187
51188
51190
51192
51207
51208
51246
51265
51265
51267
51270
51277
51280
51283
51289
51298
51317
51318
51322
51324
51331
51331
51336
51351
51361
51369
51369
51396
51401
51402
51419
51422
51442
51443
51451
51460
51475
51484
51492
51507
51517
51524
51525
51533
51542
51543
51543
51553
51558
51559
51563
51567
51576
51579
51580
51586
51587
51589
51598
51599
51605
51607
51607
51609
51633
51636
51649
51654
51662
51663
51664
51671
51673
51679
51684
51710
51717
51718
51728
51733
51753
51761
51762
51773
51777
51786
51792
51792
51798
51808
51809
51815
51821
51842
51847
51850
51851
51867
51874
51903
51904
51917
51922
51924
51928
51930
51932
51932
51936
51952
51953
51966
51989
51993
51994
52002
52002
52010
52032
52047
52057
52067
52071
52075
52079
52082
52089
52099
52100
52110
52131
52137
52155
52160
52171
52177
52182
52182
52191
52205
52217
52223
52244
52250
52251
52256
52260
52262
52263
52268
52284
52300
52302
52311
52316
52317
52317
52335
52338
52354
52367
52370
52374
52384
52385
52386
52398
52410
52417
52418
52419
52420
52420
52427
52428
52430
52448
52452
52456
52473
52480
52481
52491
52495
52505
52518
52539
52555
52561
52566
52592
52592
52597
52600
52602
52605
52606
52611
52619
52628
52633
52635
52645
52647
52668
52683
52684
52691
52715
52734
52759
52761
52764
52769
52775
52788
52796
52808
52812
52814
52819
52844
52845
52847
52852
52884
52890
52900
52910
52922
52927
52933
52935
52941
52953
52962
52966
52997
53027
53030
53043
53055
53070
53075
53086
53091
53092
53102
53103
53116
53117
53118
53126
53132
53140
53155
53161
53162
53187
53209
53216
53231
53239
53246
53250
53265
53283
53303
53305
53307
53315
53317
53325
53341
53349
53350
53357
53357
53358
53372
53400
53419
53423
53430
53431
53439
53444
53446
53451
53456
53460
53469
53469
53475
53487
53492
53492
53501
53503
53520
53520
53521
53525
53534
53539
53545
53568
53572
53592
53592
53624
53633
53634
53640
53644
53665
53666
53702
53710
53711
53713
53713
53721
53755
53760
53778
53782
53783
53784
53800
53809
53828
53848
53864
53866
53867
53898
53914
53917
53923
53924
53930
53936
53937
53952
53997
53998
54014
54046
54053
54067
54068
54098
54122
54135
54146
54149
54153
54163
54175
54189
54211
54211
54227
54232
54236
54239
54240
54245
54268
54272
54280
54285
54289
54299
54310
54311
54320
54330
54334
54335
54336
54342
54365
54379
54387
54390
54398
54404
54408
54414
54414
54424
54430
54431
54437
54438
54439
54461
54466
54473
54475
54476
54491
54510
54510
54513
54530
54542
54543
54553
54561
54564
54566
54575
54607
54609
54618
54641
54650
54662
54665
54666
54677
54683
54710
54715
54728
54730
54736
54748
54748
54749
54750
54756
54779
54818
54853
54865
54867
54889
54896
54921
54923
54931
54941
54946
54959
54973
54976
54982
54987
54996
54997
55010
55025
55040
55041
55063
55069
55070
55076
55084
55088
55091
55102
55102
55102
55108
55115
55115
55127
55127
55140
55153
55155
55164
55176
55178
55181
55185
55185
55207
55208
55235
55268
55280
55281
55292
55309
55314
55323
55328
55329
55330
55344
55351
55359
55417
55419
55433
55440
55443
55452
55459
55462
55466
55480
55488
55512
55515
55526
55545
55597
55601
55604
55619
55624
55626
55633
55646
55656
55660
55680
55695
55719
55722
55725
55726
55732
55735
55752
55770
55792
55808
55811
55816
55829
55863
55867
55871
55881
55882
55882
55892
55898
55903
55904
55906
55920
55920
55923
55933
55940
55968
55971
55975
55990
56010
56039
56067
56068
56080
56086
56094
56095
56098
56103
56107
56114
56117
56122
56124
56135
56135
56160
56165
56166
56175
56179
56188
56191
56195
56199
56205
56206
56222
56247
56261
56270
56273
56278
56281
56284
56319
56322
56322
56325
56326
56340
56342
56344
56379
56383
56419
56444
56446
56457
56470
56470
56490
56501
56504
56507
56509
56511
56513
56523
56530
56535
56537
56545
56547
56549
56550
56560
56570
56572
56576
56580
56584
56587
56591
56600
56616
56617
56620
56631
56638
56650
56653
56654
56660
56667
56668
56669
56691
56693
56703
56719
56741
56746
56747
56760
56763
56767
56769
56772
56778
56797
56802
56808
56810
56824
56827
56837
56843
56843
56850
56887
56901
56919
56919
56933
56934
56934
56940
56965
56985
56986
57000
57004
57014
57017
57036
57042
57054
57058
57060
57075
57081
57083
57083
57083
57089
57105
57123
57125
57137
57138
57142
57143
57168
57181
57200
57206
57225
57227
57241
57244
57249
57296
57297
57299
57305
57331
57332
57335
57358
57369
57372
57384
57385
57399
57401
57414
57414
57420
57482
57483
57491
57496
57504
57507
57510
57523
57531
57531
57540
57551
57556
57565
57576
57586
57592
57600
57608
57609
57655
57656
57660
57670
57686
57687
57691
57698
57706
57718
57733
57746
57750
57758
57763
57763
57764
57769
57772
57783
57797
57798
57819
57833
57846
57861
57864
57867
57883
57886
57892
57892
57908
57916
57924
57925
57934
57944
57951
57953
57954
57972
57976
57978
57981
57983
57991
58020
58021
58040
58045
58048
58060
58067
58071
58074
58075
58075
58076
58087
58097
58101
58102
58109
58132
58141
58146
58152
58163
58165
58170
58181
58194
58195
58199
58201
58206
58218
58221
58231
58238
58267
58276
58277
58291
58294
58310
58313
58328
58330
58338
58342
58352
58358
58362
58376
58379
58380
58387
58392
58403
58421
58425
58427
58428
58434
58445
58447
58457
58464
58489
58491
58499
58514
58521
58522
58530
58540
58552
58555
58556
58559
58565
58574
58592
58593
58594
58596
58601
58603
58604
58613
58656
58658
58666
58669
58673
58676
58698
58702
58709
58713
58725
58746
58757
58759
58760
58762
58764
58769
58789
58794
58805
58806
58811
58812
58816
58821
58828
58834
58853
58868
58881
58890
58895
58900
58911
58918
58930
58941
58944
58945
58947
58950
58951
58957
58962
58963
58983
58984
58990
58995
59010
59015
59016
59019
59045
59056
59066
59081
59100
59124
59134
59135
59156
59161
59164
59169
59177
59187
59190
59195
59195
59196
59217
59231
59238
59248
59256
59265
59266
59277
59284
59284
59295
59311
59345
59349
59353
59359
59369
59376
59379
59381
59404
59424
59428
59428
59456
59466
59471
59480
59510
59518
59530
59531
59535
59540
59543
59548
59563
59568
59573
59581
59588
59592
59597
59598
59603
59613
59617
59621
59635
59649
59653
59659
59661
59675
59676
59679
59682
59690
59694
59699
59699
59707
59710
59714
59714
59715
59723
59725
59729
59747
59749
59772
59773
59781
59788
59809
59834
59845
59851
59853
59854
59855
59860
59863
59871
59871
59873
59908
59920
59924
59935
59939
59946
59947
59950
59958
59986
59987
59996
60010
60014
60016
60044
60045
60045
60060
60069
60072
60079
60083
60084
60119
60148
60153
60170
60200
60252
60263
60273
60278
60279
60281
60294
60300
60305
60320
60322
60325
60340
60349
60357
60367
60368
60373
60376
60376
60379
60382
60383
60395
60408
60414
60415
60418
60420
60426
60434
60450
60462
60472
60473
60477
60481
60487
60495
60495
60495
60514
60533
60540
60544
60558
60562
60562
60563
60577
60582
60597
60610
60611
60618
60629
60634
60635
60636
60639
60649
60651
60657
60681
60681
60691
60697
60700
60702
60717
60723
60733
60738
60746
60765
60771
60775
60791
60793
60800
60802
60804
60828
60835
60841
60844
60845
60847
60858
60867
60871
60879
60889
60892
60896
60897
60897
60905
60914
60939
60942
60942
60956
60958
61000
61007
61023
61026
61038
61039
61069
61072
61074
61077
61084
61086
61096
61104
61114
61117
61131
61135
61136
61161
61176
61226
61231
61245
61253
61258
61281
61282
61314
61351
61353
61359
61382
61385
61392
61394
61398
61401
61401
61408
61419
61428
61438
61443
61444
61454
61457
61461
61470
61474
61474
61481
61489
61496
61499
61501
61502
61502
61512
61518
61519
61530
61532
61541
61553
61558
61559
61585
61601
61623
61623
61632
61638
61654
61661
61665
61668
61675
61687
61689
61691
61695
61697
61697
61709
61712
61712
61720
61723
61726
61727
61741
61746
61756
61757
61766
61770
61772
61773
61783
61787
61799
61803
61806
61810
61826
61826
61827
61844
61845
61846
61895
61916
61920
61920
61925
61936
61964
61989
62002
62015
62017
62049
62052
62071
62077
62083
62087
62093
62099
62102
62103
62123
62126
62144
62166
62170
62171
62183
62203
62204
62212
62216
62234
62242
62268
62286
62310
62321
62323
62338
62365
62368
62374
62383
62384
62391
62393
62396
62400
62412
62413
62453
62457
62465
62493
62495
62498
62502
62508
62509
62512
62514
62518
62519
62535
62539
62539
62561
62565
62571
62598
62604
62615
62630
62636
62636
62645
62649
62649
62654
62663
62667
62669
62686
62696
62699
62700
62702
62705
62709
62717
62720
62726
62732
62762
62768
62769
62775
62780
62783
62784
62793
62794
62795
62798
62812
62825
62827
62865
62865
62867
62871
62879
62883
62886
62896
62897
62910
62910
62931
62931
62935
62946
62961
62967
62973
62979
62984
62994
62994
63005
63010
63016
63038
63045
63049
63050
63065
63070
63072
63082
63084
63088
63093
63094
63101
63102
63112
63121
63133
63138
63142
63146
63167
63172
63175
63179
63183
63197
63200
63206
63217
63220
63221
63221
63229
63237
63249
63256
63264
63295
63303
63342
63352
63361
63368
63373
63374
63390
63404
63416
63419
63420
63425
63436
63461
63465
63471
63478
63481
63482
63501
63504
63505
63529
63536
63543
63545
63554
63566
63567
63577
63593
63603
63603
63617
63628
63643
63647
63647
63649
63658
63661
63661
63676
63677
63683
63690
63698
63702
63722
63726
63730
63731
63763
63768
63777
63795
63811
63818
63818
63818
63860
63863
63864
63866
63867
63870
63872
63875
63879
63891
63893
63914
63920
63920
63924
63927
63933
63941
63949
63951
63951
63961
63963
63980
63989
63995
63996
63996
64007
64011
64017
64027
64037
64040
64047
64049
64052
64057
64057
64064
64073
64075
64077
64077
64081
64081
64088
64092
64093
64095
64112
64130
64149
64149
64154
64155
64155
64157
64178
64185
64187
64188
64201
64207
64215
64220
64220
64223
64226
64235
64238
64241
64241
64242
64246
64252
64257
64259
64263
64264
64283
64285
64295
64300
64305
64312
64344
64353
64356
64371
64382
64396
64398
64415
64416
64423
64456
64484
64486
64515
64524
64555
64571
64584
64584
64587
64593
64596
64605
64620
64631
64635
64657
64668
64683
64687
64693
64714
64717
64719
64721
64730
64742
64766
64775
64778
64779
64796
64799
64802
64807
64815
64825
64827
64834
64847
64851
64852
64859
64860
64861
64863
64868
64875
64876
64939
64941
64943
64954
64960
64965
64967
64969
64988
65007
65012
65013
65033
65044
65049
65049
65050
65050
65051
65065
65090
65118
65121
65146
65156
65164
65179
65189
65206
65215
65217
65223
65232
65234
65236
65241
65247
65247
65266
65269
65270
65271
65275
65276
65280
65305
65307
65311
65316
65316
65335
65341
65362
65364
65364
65377
65390
65390
65391
65392
65393
65414
65428
65428
65437
65464
65471
65480
65494
65495
65496
65498
65514
65520
65534
65535