63450
48211
45972
16409
26503
54286
32939
60065
32050
23060
9289
2790
24436
53610
59935
50800
41346
42002
26980
40633
53776
5057
17874
7259
11299
6739
675
5087
1276
26273
29956
42050
39274
13293
30170
26001
21011
64376
10321
25841
49128
33276
46202
27113
43180
22125
59949
40559
23544
45266
53841
46087
63682
22326
18131
61191
10480
16422
18359
60735
48933
36984
31208
21867
29076
14894
34941
43026
2029
41491
35427
62999
47452
385
10152
3353
40598
50265
10441
42981
20692
54446
57769
38458
12860
25999
24769
9365
50915
31650
21339
30187
26766
59208
63799
35286
61422
19805
30852
31194
39857
56276
10707
60524
39413
39862
24942
57434
49761
33640
36338
61475
22204
61841
63936
13022
24822
29837
64254
8186
59196
26094
38097
49709
7717
47481
44722
50603
26028
36575
627
52912
9772
39858
29203
36682
42041
30161
31643
41601
25639
49031
34544
54778
8227
923
10904
38434
776
45634
21460
53546
26204
31838
33517
8136
19419
23061
4902
28549
1706
46587
16842
19201
58949
15686
24619
10464
34628
40903
22589
26590
38655
60876
1146
3330
15597
16341
29287
60282
56451
52556
41887
15771
47690
53394
4342
51210
26620
44670
26183
50355
48107
60989
20922
50396
53578
39705
52384
9329
26453
22112
14686
16734
57
44260
57681
34199
38771
40624
15996
58393
32889
8710
56939
15447
8365
52213
46703
14822
39438
45198
9151
40128
42861
55372
27163
40922
45803
16369
46629
48436
13569
21115
44329
18256
51231
31520
16237
8904
44698
60560
49714
58711
50318
23110
44446
25021
18816
8820
48744
52506
21076
25870
8892
46133
36070
14402
7502
25249
47815
42017
53899
38139
57395
17555
64484
27998
45749
19742
59877
56891
32428
28851
54060
24101
17008
45172
9147
38239
8472
44276
24961
63841
49143
20817
34362
49052
27986
28740
18239
62887
4622
40497
45301
42702
33864
39541
31319
44515
63812
63929
17039
45936
3119
49972
33949
8345
13195
11943
8635
17029
54023
19960
48810
46747
55432
38212
23149
10504
65108
15167
26425
51943
28217
40131
60160
57217
54911
54590
64882
31818
29692
25861
27673
17742
3014
32794
40712
58185
11349
65383
35192
50285
59898
7500
57859
42245
60572
39886
31452
39044
18033
21076
26014
28745
3043
64102
7567
46531
52903
34679
2468
29184
51064
52137
28471
4795
37766
22804
58746
46529
33785
57659
41476
59021
4390
50708
33428
1222
41760
11304
18948
61433
15781
48967
25301
26733
19478
37805
39669
46950
43073
8288
2193
21006
46193
40314
22583
46283
15795
45143
8226
56426
62864
60323
7359
60012
24589
33378
57983
38039
56182
62199
31441
60771
26512
63219
24312
6793
12878
35495
36739
39906
41181
32678
54355
25521
40103
27502
47203
28962
7360
14376
14216
34506
33175
65264
35569
27427
51672
46373
5681
18676
7738
5815
21592
52463
27066
49880
41548
47319
9803
24402
21443
10354
19792
45226
17305
14145
46433
36447
29827
58424
49693
24699
36888
21098
36329
61271
19351
5128
16083
59704
34382
38184
1265
46642
49511
54813
48747
1480
16432
51554
32938
65150
32101
60797
33614
43212
43791
25119
9170
31925
44218
19476
5661
52153
24227
15660
24232
53514
22022
7505
57610
42231
56034
16656
20383
58001
62107
53377