65383
65264
65150
65108
64882
64484
64376
64254
64102
63936
63929
63841
63812
63799
63682
63450
63219
62999
62887
62864
62199
62107
61841
61475
61433
61422
61271
61191
60989
60876
60797
60771
60735
60572
60560
60524
60323
60282
60160
60065
60012
59949
59935
59898
59877
59704
59208
59196
59021
58949
58746
58711
58424
58393
58185
58001
57983
57859
57769
57681
57659
57610
57434
57395
57217
56939
56891
56451
56426
56276
56182
56034
55432
55372
54911
54813
54778
54590
54446
54355
54286
54060
54023
53899
53841
53776
53610
53578
53546
53514
53394
53377
52912
52903
52556
52506
52463
52384
52213
52153
52137
51943
51672
51554
51231
51210
51064
50915
50800
50708
50603
50396
50355
50318
50285
50265
49972
49880
49761
49714
49709
49693
49511
49143
49128
49052
49031
48967
48933
48810
48747
48744
48436
48211
48107
47815
47690
47481
47452
47319
47203
46950
46747
46703
46642
46629
46587
46531
46529
46433
46373
46283
46202
46193
46133
46087
45972
45936
45803
45749
45634
45301
45266
45226
45198
45172
45143
44722
44698
44670
44515
44446
44329
44276
44260
44218
43791
43212
43180
43073
43026
42981
42861
42702
42245
42231
42050
42041
42017
42002
41887
41760
41601
41548
41491
41476
41346
41181
40922
40903
40712
40633
40624
40598
40559
40497
40314
40131
40128
40103
39906
39886
39862
39858
39857
39705
39669
39541
39438
39413
39274
39044
38771
38655
38458
38434
38239
38212
38184
38139
38097
38039
37805
37766
36984
36888
36739
36682
36575
36447
36338
36329
36070
35569
35495
35427
35286
35192
34941
34679
34628
34544
34506
34382
34362
34199
33949
33864
33785
33640
33614
33517
33428
33378
33276
33175
32939
32938
32889
32794
32678
32428
32101
32050
31925
31838
31818
31650
31643
31520
31452
31441
31319
31208
31194
30852
30187
30170
30161
29956
29837
29827
29692
29287
29203
29184
29076
28962
28851
28745
28740
28549
28471
28217
27998
27986
27673
27502
27427
27163
27113
27066
26980
26766
26733
26620
26590
26512
26503
26453
26425
26273
26204
26183
26094
26028
26014
26001
25999
25870
25861
25841
25639
25521
25301
25249
25119
25021
24961
24942
24822
24769
24699
24619
24589
24436
24402
24312
24232
24227
24101
23544
23149
23110
23061
23060
22804
22589
22583
22326
22204
22125
22112
22022
21867
21592
21460
21443
21339
21115
21098
21076
21076
21011
21006
20922
20817
20692
20383
19960
19805
19792
19742
19478
19476
19419
19351
19201
18948
18816
18676
18359
18256
18239
18131
18033
17874
17742
17555
17305
17039
17029
17008
16842
16734
16656
16432
16422
16409
16369
16341
16237
16083
15996
15795
15781
15771
15686
15660
15597
15447
15167
14894
14822
14686
14402
14376
14216
14145
13569
13293
13195
13022
12878
12860
11943
11349
11304
11299
10904
10707
10504
10480
10464
10441
10354
10321
10152
9803
9772
9365
9329
9289
9170
9151
9147
8904
8892
8820
8710
8635
8472
8365
8345
8288
8227
8226
8186
8136
7738
7717
7567
7505
7502
7500
7360
7359
7259
6793
6739
5815
5681
5661
5128
5087
5057
4902
4795
4622
4390
4342
3353
3330
3119
3043
3014
2790
2468
2193
2029
1706
1480
1276
1265
1222
1146
923
776
675
627
385
57