57
385
627
675
776
923
1146
1222
1265
1276
1480
1706
2029
2193
2468
2790
3014
3043
3119
3330
3353
4342
4390
4622
4795
4902
5057
5087
5128
5661
5681
5815
6739
6793
7259
7359
7360
7500
7502
7505
7567
7717
7738
8136
8186
8226
8227
8288
8345
8365
8472
8635
8710
8820
8892
8904
9147
9151
9170
9289
9329
9365
9772
9803
10152
10321
10354
10441
10464
10480
10504
10707
10904
11299
11304
11349
11943
12860
12878
13022
13195
13293
13569
14145
14216
14376
14402
14686
14822
14894
15167
15447
15597
15660
15686
15771
15781
15795
15996
16083
16237
16341
16369
16409
16422
16432
16656
16734
16842
17008
17029
17039
17305
17555
17742
17874
18033
18131
18239
18256
18359
18676
18816
18948
19201
19351
19419
19476
19478
19742
19792
19805
19960
20383
20692
20817
20922
21006
21011
21076
21076
21098
21115
21339
21443
21460
21592
21867
22022
22112
22125
22204
22326
22583
22589
22804
23060
23061
23110
23149
23544
24101
24227
24232
24312
24402
24436
24589
24619
24699
24769
24822
24942
24961
25021
25119
25249
25301
25521
25639
25841
25861
25870
25999
26001
26014
26028
26094
26183
26204
26273
26425
26453
26503
26512
26590
26620
26733
26766
26980
27066
27113
27163
27427
27502
27673
27986
27998
28217
28471
28549
28740
28745
28851
28962
29076
29184
29203
29287
29692
29827
29837
29956
30161
30170
30187
30852
31194
31208
31319
31441
31452
31520
31643
31650
31818
31838
31925
32050
32101
32428
32678
32794
32889
32938
32939
33175
33276
33378
33428
33517
33614
33640
33785
33864
33949
34199
34362
34382
34506
34544
34628
34679
34941
35192
35286
35427
35495
35569
36070
36329
36338
36447
36575
36682
36739
36888
36984
37766
37805
38039
38097
38139
38184
38212
38239
38434
38458
38655
38771
39044
39274
39413
39438
39541
39669
39705
39857
39858
39862
39886
39906
40103
40128
40131
40314
40497
40559
40598
40624
40633
40712
40903
40922
41181
41346
41476
41491
41548
41601
41760
41887
42002
42017
42041
42050
42231
42245
42702
42861
42981
43026
43073
43180
43212
43791
44218
44260
44276
44329
44446
44515
44670
44698
44722
45143
45172
45198
45226
45266
45301
45634
45749
45803
45936
45972
46087
46133
46193
46202
46283
46373
46433
46529
46531
46587
46629
46642
46703
46747
46950
47203
47319
47452
47481
47690
47815
48107
48211
48436
48744
48747
48810
48933
48967
49031
49052
49128
49143
49511
49693
49709
49714
49761
49880
49972
50265
50285
50318
50355
50396
50603
50708
50800
50915
51064
51210
51231
51554
51672
51943
52137
52153
52213
52384
52463
52506
52556
52903
52912
53377
53394
53514
53546
53578
53610
53776
53841
53899
54023
54060
54286
54355
54446
54590
54778
54813
54911
55372
55432
56034
56182
56276
56426
56451
56891
56939
57217
57395
57434
57610
57659
57681
57769
57859
57983
58001
58185
58393
58424
58711
58746
58949
59021
59196
59208
59704
59877
59898
59935
59949
60012
60065
60160
60282
60323
60524
60560
60572
60735
60771
60797
60876
60989
61191
61271
61422
61433
61475
61841
62107
62199
62864
62887
62999
63219
63450
63682
63799
63812
63841
63929
63936
64102
64254
64376
64484
64882
65108
65150
65264
65383